0.0625  -3.85425800e-2 -4.1974991e-2
0.125   -6.96238561e-2 -7.7125399e-2
0.1875  -9.6983962e-2 -1.09816214e-1
0.25    -1.22721979e-1 -1.41930064e-1
0.3125  -1.47636199e-1 -1.72712391e-1
0.375   -1.71260757e-1 -1.98470859e-1
0.4375  -1.91677043e-1 -2.12962392e-1
0.5     -2.05164738e-1 -2.091491418e-1
0.5625  -2.05770198e-1 -1.82080595e-1
0.625   -1.84928116e-1 -1.31256301e-1
0.6875  -1.313892353e-1 -6.0245594e-2
0.75    -3.1879308e-2 2.7874448e-2
0.8125  1.26912095e-1 1.40425325e-1
0.875   3.54430364e-1 3.1055709e-1
0.9375  6.50529292e-1 5.97466694e-1
