0 0
0.001 0.0018789
0.002 0.0037455
0.003 0.0055998
0.004 0.0074418
0.005 0.0092715
0.006 0.011089
0.007 0.012894
0.008 0.014687
0.009 0.016467
0.01 0.018235
0.011 0.019991
0.012 0.021734
0.013 0.023465
0.014 0.025184
0.015 0.02689
0.016 0.028585
0.017 0.030266
0.018 0.031936
0.019 0.033594
0.02 0.03524
0.021 0.036875
0.022 0.038497
0.023 0.040108
0.024 0.041706
0.025 0.043293
0.026 0.044868
0.027 0.046432
0.028 0.047983
0.029 0.049522
0.03 0.05105
0.031 0.052566
0.032 0.05407
0.033 0.055562
0.034 0.057042
0.035 0.058511
0.036 0.059969
0.037 0.061415
0.038 0.06285
0.039 0.064274
0.04 0.065687
0.041 0.067088
0.042 0.068477
0.043 0.069856
0.044 0.071223
0.045 0.072579
0.046 0.073923
0.047 0.075257
0.048 0.076578
0.049 0.077889
0.05 0.079189
0.051 0.080478
0.052 0.081757
0.053 0.083025
0.054 0.084282
0.055 0.085528
0.056 0.086764
0.057 0.08799
0.058 0.089204
0.059 0.090408
0.06 0.091602
0.061 0.092785
0.062 0.093957
0.063 0.095118
0.064 0.096269
0.065 0.097409
0.066 0.098539
0.067 0.099659
0.068 0.10077
0.069 0.10187
0.07 0.10296
0.071 0.10404
0.072 0.10511
0.073 0.10617
0.074 0.10722
0.075 0.10826
0.076 0.10929
0.077 0.11031
0.078 0.11133
0.079 0.11233
0.08 0.11332
0.081 0.1143
0.082 0.11527
0.083 0.11623
0.084 0.11719
0.085 0.11813
0.086 0.11906
0.087 0.11999
0.088 0.12091
0.089 0.12181
0.09 0.12271
0.091 0.1236
0.092 0.12448
0.093 0.12535
0.094 0.12622
0.095 0.12707
0.096 0.12791
0.097 0.12875
0.098 0.12957
0.099 0.13039
0.1 0.1312
0.101 0.132
0.102 0.13279
0.103 0.13357
0.104 0.13435
0.105 0.13512
0.106 0.13587
0.107 0.13662
0.108 0.13737
0.109 0.1381
0.11 0.13883
0.111 0.13954
0.112 0.14025
0.113 0.14095
0.114 0.14165
0.115 0.14233
0.116 0.14301
0.117 0.14367
0.118 0.14433
0.119 0.14499
0.12 0.14563
0.121 0.14627
0.122 0.1469
0.123 0.14752
0.124 0.14814
0.125 0.14875
0.126 0.14935
0.127 0.14994
0.128 0.15053
0.129 0.15111
0.13 0.15168
0.131 0.15224
0.132 0.1528
0.133 0.15335
0.134 0.15389
0.135 0.15442
0.136 0.15495
0.137 0.15547
0.138 0.15598
0.139 0.15649
0.14 0.15699
0.141 0.15749
0.142 0.15798
0.143 0.15846
0.144 0.15893
0.145 0.1594
0.146 0.15986
0.147 0.16031
0.148 0.16076
0.149 0.1612
0.15 0.16163
0.151 0.16206
0.152 0.16248
0.153 0.1629
0.154 0.1633
0.155 0.16371
0.156 0.1641
0.157 0.16449
0.158 0.16488
0.159 0.16526
0.16 0.16563
0.161 0.166
0.162 0.16636
0.163 0.16671
0.164 0.16706
0.165 0.1674
0.166 0.16774
0.167 0.16807
0.168 0.1684
0.169 0.16871
0.17 0.16903
0.171 0.16934
0.172 0.16964
0.173 0.16994
0.174 0.17023
0.175 0.17051
0.176 0.17079
0.177 0.17107
0.178 0.17134
0.179 0.1716
0.18 0.17186
0.181 0.17212
0.182 0.17237
0.183 0.17261
0.184 0.17285
0.185 0.17308
0.186 0.17331
0.187 0.17353
0.188 0.17374
0.189 0.17396
0.19 0.17416
0.191 0.17437
0.192 0.17456
0.193 0.17476
0.194 0.17494
0.195 0.17513
0.196 0.1753
0.197 0.17548
0.198 0.17565
0.199 0.17581
0.2 0.17597
0.201 0.17612
0.202 0.17627
0.203 0.17641
0.204 0.17655
0.205 0.17669
0.206 0.17682
0.207 0.17694
0.208 0.17707
0.209 0.17718
0.21 0.1773
0.211 0.1774
0.212 0.17751
0.213 0.17761
0.214 0.1777
0.215 0.17779
0.216 0.17788
0.217 0.17796
0.218 0.17804
0.219 0.17811
0.22 0.17818
0.221 0.17824
0.222 0.1783
0.223 0.17836
0.224 0.17841
0.225 0.17845
0.226 0.1785
0.227 0.17854
0.228 0.17857
0.229 0.1786
0.23 0.17863
0.231 0.17865
0.232 0.17867
0.233 0.17869
0.234 0.1787
0.235 0.1787
0.236 0.17871
0.237 0.17871
0.238 0.1787
0.239 0.17869
0.24 0.17868
0.241 0.17866
0.242 0.17864
0.243 0.17862
0.244 0.17859
0.245 0.17856
0.246 0.17852
0.247 0.17848
0.248 0.17844
0.249 0.17839
0.25 0.17834
0.251 0.17828
0.252 0.17822
0.253 0.17816
0.254 0.17809
0.255 0.17802
0.256 0.17795
0.257 0.17787
0.258 0.17779
0.259 0.1777
0.26 0.17762
0.261 0.17752
0.262 0.17743
0.263 0.17733
0.264 0.17723
0.265 0.17712
0.266 0.17701
0.267 0.1769
0.268 0.17678
0.269 0.17666
0.27 0.17653
0.271 0.17641
0.272 0.17627
0.273 0.17614
0.274 0.176
0.275 0.17586
0.276 0.17571
0.277 0.17556
0.278 0.17541
0.279 0.17525
0.28 0.1751
0.281 0.17493
0.282 0.17477
0.283 0.1746
0.284 0.17442
0.285 0.17425
0.286 0.17407
0.287 0.17388
0.288 0.17369
0.289 0.1735
0.29 0.17331
0.291 0.17311
0.292 0.17291
0.293 0.17271
0.294 0.1725
0.295 0.17229
0.296 0.17207
0.297 0.17186
0.298 0.17163
0.299 0.17141
0.3 0.17118
0.301 0.17095
0.302 0.17072
0.303 0.17048
0.304 0.17024
0.305 0.16999
0.306 0.16974
0.307 0.16949
0.308 0.16924
0.309 0.16898
0.31 0.16872
0.311 0.16845
0.312 0.16818
0.313 0.16791
0.314 0.16764
0.315 0.16736
0.316 0.16708
0.317 0.16679
0.318 0.1665
0.319 0.16621
0.32 0.16592
0.321 0.16562
0.322 0.16532
0.323 0.16501
0.324 0.1647
0.325 0.16439
0.326 0.16408
0.327 0.16376
0.328 0.16344
0.329 0.16311
0.33 0.16278
0.331 0.16245
0.332 0.16212
0.333 0.16178
0.334 0.16144
0.335 0.16109
0.336 0.16074
0.337 0.16039
0.338 0.16004
0.339 0.15968
0.34 0.15932
0.341 0.15895
0.342 0.15858
0.343 0.15821
0.344 0.15784
0.345 0.15746
0.346 0.15708
0.347 0.15669
0.348 0.1563
0.349 0.15591
0.35 0.15552
0.351 0.15512
0.352 0.15472
0.353 0.15431
0.354 0.1539
0.355 0.15349
0.356 0.15308
0.357 0.15266
0.358 0.15223
0.359 0.15181
0.36 0.15138
0.361 0.15095
0.362 0.15051
0.363 0.15007
0.364 0.14963
0.365 0.14919
0.366 0.14874
0.367 0.14828
0.368 0.14783
0.369 0.14737
0.37 0.14691
0.371 0.14644
0.372 0.14597
0.373 0.1455
0.374 0.14502
0.375 0.14454
0.376 0.14406
0.377 0.14357
0.378 0.14308
0.379 0.14258
0.38 0.14209
0.381 0.14159
0.382 0.14108
0.383 0.14058
0.384 0.14006
0.385 0.13955
0.386 0.13903
0.387 0.13851
0.388 0.13799
0.389 0.13746
0.39 0.13693
0.391 0.13639
0.392 0.13585
0.393 0.13531
0.394 0.13476
0.395 0.13422
0.396 0.13366
0.397 0.13311
0.398 0.13255
0.399 0.13198
0.4 0.13142
0.401 0.13085
0.402 0.13027
0.403 0.1297
0.404 0.12912
0.405 0.12853
0.406 0.12794
0.407 0.12735
0.408 0.12676
0.409 0.12616
0.41 0.12556
0.411 0.12495
0.412 0.12434
0.413 0.12373
0.414 0.12311
0.415 0.12249
0.416 0.12187
0.417 0.12124
0.418 0.12061
0.419 0.11998
0.42 0.11934
0.421 0.1187
0.422 0.11805
0.423 0.1174
0.424 0.11675
0.425 0.1161
0.426 0.11544
0.427 0.11478
0.428 0.11411
0.429 0.11344
0.43 0.11277
0.431 0.11209
0.432 0.11141
0.433 0.11072
0.434 0.11004
0.435 0.10934
0.436 0.10865
0.437 0.10795
0.438 0.10725
0.439 0.10654
0.44 0.10583
0.441 0.10512
0.442 0.1044
0.443 0.10368
0.444 0.10295
0.445 0.10223
0.446 0.10149
0.447 0.10076
0.448 0.10002
0.449 0.099276
0.45 0.09853
0.451 0.09778
0.452 0.097026
0.453 0.096269
0.454 0.095508
0.455 0.094743
0.456 0.093975
0.457 0.093203
0.458 0.092427
0.459 0.091648
0.46 0.090865
0.461 0.090078
0.462 0.089288
0.463 0.088495
0.464 0.087697
0.465 0.086896
0.466 0.086092
0.467 0.085283
0.468 0.084471
0.469 0.083655
0.47 0.082836
0.471 0.082012
0.472 0.081185
0.473 0.080355
0.474 0.07952
0.475 0.078682
0.476 0.07784
0.477 0.076994
0.478 0.076145
0.479 0.075292
0.48 0.074435
0.481 0.073575
0.482 0.072711
0.483 0.071844
0.484 0.070972
0.485 0.070098
0.486 0.069219
0.487 0.068337
0.488 0.067452
0.489 0.066563
0.49 0.06567
0.491 0.064774
0.492 0.063874
0.493 0.06297
0.494 0.062063
0.495 0.061152
0.496 0.060238
0.497 0.05932
0.498 0.058398
0.499 0.057473
0.5 0.056545
0.501 0.055612
0.502 0.054677
0.503 0.053737
0.504 0.052794
0.505 0.051847
0.506 0.050897
0.507 0.049943
0.508 0.048985
0.509 0.048024
0.51 0.047059
0.511 0.04609
0.512 0.045118
0.513 0.044142
0.514 0.043163
0.515 0.04218
0.516 0.041193
0.517 0.040204
0.518 0.03921
0.519 0.038214
0.52 0.037214
0.521 0.036211
0.522 0.035204
0.523 0.034194
0.524 0.03318
0.525 0.032164
0.526 0.031143
0.527 0.030119
0.528 0.029092
0.529 0.028062
0.53 0.027028
0.531 0.025991
0.532 0.02495
0.533 0.023906
0.534 0.022859
0.535 0.021808
0.536 0.020755
0.537 0.019698
0.538 0.018637
0.539 0.017574
0.54 0.016507
0.541 0.015436
0.542 0.014363
0.543 0.013286
0.544 0.012205
0.545 0.011122
0.546 0.010035
0.547 0.0089446
0.548 0.0078511
0.549 0.0067542
0.55 0.0056543
0.551 0.0045514
0.552 0.0034457
0.553 0.002337
0.554 0.0012254
0.555 0.00011095
0.556 -0.0010064
0.557 -0.0021267
0.558 -0.00325
0.559 -0.0043761
0.56 -0.0055051
0.561 -0.0066371
0.562 -0.0077719
0.563 -0.0089097
0.564 -0.01005
0.565 -0.011194
0.566 -0.01234
0.567 -0.01349
0.568 -0.014642
0.569 -0.015797
0.57 -0.016954
0.571 -0.018114
0.572 -0.019277
0.573 -0.020442
0.574 -0.02161
0.575 -0.022781
0.576 -0.023954
0.577 -0.02513
0.578 -0.026309
0.579 -0.02749
0.58 -0.028674
0.581 -0.02986
0.582 -0.03105
0.583 -0.032242
0.584 -0.033436
0.585 -0.034633
0.586 -0.035832
0.587 -0.037033
0.588 -0.038235
0.589 -0.03944
0.59 -0.040647
0.591 -0.041856
0.592 -0.043067
0.593 -0.04428
0.594 -0.045496
0.595 -0.046713
0.596 -0.047932
0.597 -0.049153
0.598 -0.050376
0.599 -0.051602
0.6 -0.052829
0.601 -0.054059
0.602 -0.05529
0.603 -0.056523
0.604 -0.057757
0.605 -0.058993
0.606 -0.060231
0.607 -0.06147
0.608 -0.06271
0.609 -0.063953
0.61 -0.065196
0.611 -0.066441
0.612 -0.067688
0.613 -0.068936
0.614 -0.070186
0.615 -0.071438
0.616 -0.07269
0.617 -0.073945
0.618 -0.075201
0.619 -0.076458
0.62 -0.077716
0.621 -0.078975
0.622 -0.080234
0.623 -0.081495
0.624 -0.082755
0.625 -0.084016
0.626 -0.085278
0.627 -0.086541
0.628 -0.087804
0.629 -0.089068
0.63 -0.090333
0.631 -0.091598
0.632 -0.092864
0.633 -0.09413
0.634 -0.095397
0.635 -0.096665
0.636 -0.097933
0.637 -0.099202
0.638 -0.10047
0.639 -0.10174
0.64 -0.10301
0.641 -0.10427
0.642 -0.10554
0.643 -0.10681
0.644 -0.10808
0.645 -0.10934
0.646 -0.11061
0.647 -0.11188
0.648 -0.11314
0.649 -0.11441
0.65 -0.11568
0.651 -0.11694
0.652 -0.11821
0.653 -0.11947
0.654 -0.12074
0.655 -0.122
0.656 -0.12326
0.657 -0.12452
0.658 -0.12578
0.659 -0.12704
0.66 -0.1283
0.661 -0.12955
0.662 -0.1308
0.663 -0.13206
0.664 -0.13331
0.665 -0.13456
0.666 -0.1358
0.667 -0.13705
0.668 -0.13829
0.669 -0.13954
0.67 -0.14078
0.671 -0.14202
0.672 -0.14326
0.673 -0.14449
0.674 -0.14573
0.675 -0.14696
0.676 -0.14818
0.677 -0.14941
0.678 -0.15063
0.679 -0.15185
0.68 -0.15307
0.681 -0.15428
0.682 -0.15549
0.683 -0.1567
0.684 -0.15791
0.685 -0.15911
0.686 -0.16031
0.687 -0.16151
0.688 -0.1627
0.689 -0.1639
0.69 -0.16508
0.691 -0.16627
0.692 -0.16744
0.693 -0.16862
0.694 -0.16979
0.695 -0.17095
0.696 -0.17212
0.697 -0.17327
0.698 -0.17443
0.699 -0.17558
0.7 -0.17672
0.701 -0.17786
0.702 -0.179
0.703 -0.18013
0.704 -0.18126
0.705 -0.18238
0.706 -0.1835
0.707 -0.18461
0.708 -0.18572
0.709 -0.18682
0.71 -0.18792
0.711 -0.18901
0.712 -0.19009
0.713 -0.19117
0.714 -0.19224
0.715 -0.19331
0.716 -0.19437
0.717 -0.19542
0.718 -0.19647
0.719 -0.19751
0.72 -0.19855
0.721 -0.19958
0.722 -0.2006
0.723 -0.20162
0.724 -0.20263
0.725 -0.20363
0.726 -0.20463
0.727 -0.20561
0.728 -0.20659
0.729 -0.20756
0.73 -0.20853
0.731 -0.20949
0.732 -0.21043
0.733 -0.21137
0.734 -0.21231
0.735 -0.21323
0.736 -0.21415
0.737 -0.21506
0.738 -0.21596
0.739 -0.21686
0.74 -0.21774
0.741 -0.21862
0.742 -0.21949
0.743 -0.22035
0.744 -0.2212
0.745 -0.22204
0.746 -0.22287
0.747 -0.22369
0.748 -0.2245
0.749 -0.2253
0.75 -0.22609
0.751 -0.22687
0.752 -0.22764
0.753 -0.2284
0.754 -0.22915
0.755 -0.22989
0.756 -0.23062
0.757 -0.23135
0.758 -0.23206
0.759 -0.23276
0.76 -0.23344
0.761 -0.23412
0.762 -0.23479
0.763 -0.23544
0.764 -0.23608
0.765 -0.23671
0.766 -0.23733
0.767 -0.23794
0.768 -0.23854
0.769 -0.23912
0.77 -0.23969
0.771 -0.24026
0.772 -0.24081
0.773 -0.24134
0.774 -0.24187
0.775 -0.24239
0.776 -0.24289
0.777 -0.24338
0.778 -0.24385
0.779 -0.24431
0.78 -0.24476
0.781 -0.2452
0.782 -0.24562
0.783 -0.24603
0.784 -0.24642
0.785 -0.2468
0.786 -0.24717
0.787 -0.24752
0.788 -0.24786
0.789 -0.24818
0.79 -0.2485
0.791 -0.2488
0.792 -0.24908
0.793 -0.24935
0.794 -0.24961
0.795 -0.24985
0.796 -0.25007
0.797 -0.25028
0.798 -0.25048
0.799 -0.25066
0.8 -0.25083
0.801 -0.25098
0.802 -0.25111
0.803 -0.25123
0.804 -0.25134
0.805 -0.25143
0.806 -0.25151
0.807 -0.25157
0.808 -0.25162
0.809 -0.25165
0.81 -0.25167
0.811 -0.25167
0.812 -0.25165
0.813 -0.25162
0.814 -0.25157
0.815 -0.2515
0.816 -0.25142
0.817 -0.25132
0.818 -0.25121
0.819 -0.25108
0.82 -0.25093
0.821 -0.25077
0.822 -0.25059
0.823 -0.25039
0.824 -0.25018
0.825 -0.24995
0.826 -0.2497
0.827 -0.24944
0.828 -0.24916
0.829 -0.24886
0.83 -0.24855
0.831 -0.24822
0.832 -0.24787
0.833 -0.24751
0.834 -0.24713
0.835 -0.24673
0.836 -0.24631
0.837 -0.24588
0.838 -0.24544
0.839 -0.24497
0.84 -0.24449
0.841 -0.24399
0.842 -0.24348
0.843 -0.24295
0.844 -0.2424
0.845 -0.24183
0.846 -0.24125
0.847 -0.24065
0.848 -0.24003
0.849 -0.23939
0.85 -0.23874
0.851 -0.23807
0.852 -0.23739
0.853 -0.23668
0.854 -0.23596
0.855 -0.23522
0.856 -0.23447
0.857 -0.2337
0.858 -0.23291
0.859 -0.2321
0.86 -0.23128
0.861 -0.23044
0.862 -0.22958
0.863 -0.2287
0.864 -0.22781
0.865 -0.22691
0.866 -0.22598
0.867 -0.22504
0.868 -0.22409
0.869 -0.22311
0.87 -0.22213
0.871 -0.22112
0.872 -0.2201
0.873 -0.21906
0.874 -0.21801
0.875 -0.21694
0.876 -0.21585
0.877 -0.21475
0.878 -0.21363
0.879 -0.2125
0.88 -0.21135
0.881 -0.21018
0.882 -0.209
0.883 -0.2078
0.884 -0.20659
0.885 -0.20536
0.886 -0.20412
0.887 -0.20287
0.888 -0.20159
0.889 -0.20031
0.89 -0.19901
0.891 -0.19769
0.892 -0.19636
0.893 -0.19501
0.894 -0.19365
0.895 -0.19227
0.896 -0.19088
0.897 -0.18947
0.898 -0.18805
0.899 -0.18662
0.9 -0.18517
0.901 -0.18372
0.902 -0.18225
0.903 -0.18076
0.904 -0.17926
0.905 -0.17776
0.906 -0.17623
0.907 -0.1747
0.908 -0.17315
0.909 -0.17159
0.91 -0.17001
0.911 -0.16843
0.912 -0.16683
0.913 -0.16521
0.914 -0.16359
0.915 -0.16195
0.916 -0.16031
0.917 -0.15865
0.918 -0.15698
0.919 -0.15531
0.92 -0.15362
0.921 -0.15192
0.922 -0.15021
0.923 -0.1485
0.924 -0.14677
0.925 -0.14503
0.926 -0.14328
0.927 -0.14152
0.928 -0.13975
0.929 -0.13797
0.93 -0.13618
0.931 -0.13438
0.932 -0.13258
0.933 -0.13076
0.934 -0.12894
0.935 -0.12711
0.936 -0.12528
0.937 -0.12343
0.938 -0.12158
0.939 -0.11972
0.94 -0.11786
0.941 -0.11599
0.942 -0.11411
0.943 -0.11222
0.944 -0.11033
0.945 -0.10843
0.946 -0.10652
0.947 -0.1046
0.948 -0.10268
0.949 -0.10075
0.95 -0.098822
0.951 -0.096887
0.952 -0.094947
0.953 -0.093005
0.954 -0.091058
0.955 -0.089108
0.956 -0.087155
0.957 -0.085197
0.958 -0.083236
0.959 -0.081271
0.96 -0.079303
0.961 -0.077331
0.962 -0.075355
0.963 -0.073376
0.964 -0.071393
0.965 -0.069406
0.966 -0.067417
0.967 -0.065428
0.968 -0.063437
0.969 -0.061447
0.97 -0.059455
0.971 -0.057464
0.972 -0.055471
0.973 -0.053478
0.974 -0.051485
0.975 -0.04949
0.976 -0.047496
0.977 -0.0455
0.978 -0.043505
0.979 -0.041508
0.98 -0.039511
0.981 -0.037514
0.982 -0.035515
0.983 -0.033517
0.984 -0.031521
0.985 -0.029528
0.986 -0.027538
0.987 -0.025551
0.988 -0.023568
0.989 -0.021587
0.99 -0.019609
0.991 -0.017635
0.992 -0.015663
0.993 -0.013695
0.994 -0.011729
0.995 -0.0097664
0.996 -0.007807
0.997 -0.0058507
0.998 -0.0038973
0.999 -0.0019471
1 0
