0 0
0.001 0.0017243
0.002 0.0034413
0.003 0.0051511
0.004 0.0068538
0.005 0.0085492
0.006 0.010237
0.007 0.011918
0.008 0.013592
0.009 0.015259
0.01 0.016918
0.011 0.01857
0.012 0.020215
0.013 0.021853
0.014 0.023484
0.015 0.025107
0.016 0.026723
0.017 0.028332
0.018 0.029933
0.019 0.031526
0.02 0.033111
0.021 0.034688
0.022 0.036257
0.023 0.037818
0.024 0.039371
0.025 0.040917
0.026 0.042455
0.027 0.043984
0.028 0.045506
0.029 0.04702
0.03 0.048526
0.031 0.050024
0.032 0.051514
0.033 0.052997
0.034 0.05447
0.035 0.055936
0.036 0.057393
0.037 0.058842
0.038 0.060282
0.039 0.061714
0.04 0.063139
0.041 0.064554
0.042 0.065962
0.043 0.067362
0.044 0.068753
0.045 0.070136
0.046 0.07151
0.047 0.072877
0.048 0.074235
0.049 0.075585
0.05 0.076926
0.051 0.078258
0.052 0.079582
0.053 0.080897
0.054 0.082203
0.055 0.083501
0.056 0.08479
0.057 0.086071
0.058 0.087342
0.059 0.088605
0.06 0.08986
0.061 0.091106
0.062 0.092343
0.063 0.093571
0.064 0.094791
0.065 0.096002
0.066 0.097205
0.067 0.098399
0.068 0.099583
0.069 0.10076
0.07 0.10193
0.071 0.10309
0.072 0.10423
0.073 0.10538
0.074 0.10651
0.075 0.10763
0.076 0.10875
0.077 0.10985
0.078 0.11095
0.079 0.11204
0.08 0.11312
0.081 0.11419
0.082 0.11525
0.083 0.1163
0.084 0.11734
0.085 0.11838
0.086 0.1194
0.087 0.12042
0.088 0.12143
0.089 0.12243
0.09 0.12342
0.091 0.1244
0.092 0.12537
0.093 0.12634
0.094 0.12729
0.095 0.12824
0.096 0.12918
0.097 0.1301
0.098 0.13102
0.099 0.13193
0.1 0.13284
0.101 0.13373
0.102 0.13461
0.103 0.13549
0.104 0.13635
0.105 0.13721
0.106 0.13806
0.107 0.1389
0.108 0.13973
0.109 0.14055
0.11 0.14137
0.111 0.14217
0.112 0.14297
0.113 0.14376
0.114 0.14453
0.115 0.1453
0.116 0.14606
0.117 0.14682
0.118 0.14756
0.119 0.14829
0.12 0.14902
0.121 0.14974
0.122 0.15045
0.123 0.15115
0.124 0.15184
0.125 0.15252
0.126 0.15319
0.127 0.15386
0.128 0.15452
0.129 0.15516
0.13 0.1558
0.131 0.15643
0.132 0.15706
0.133 0.15767
0.134 0.15828
0.135 0.15887
0.136 0.15946
0.137 0.16004
0.138 0.16061
0.139 0.16117
0.14 0.16173
0.141 0.16228
0.142 0.16281
0.143 0.16334
0.144 0.16386
0.145 0.16438
0.146 0.16488
0.147 0.16538
0.148 0.16587
0.149 0.16634
0.15 0.16682
0.151 0.16728
0.152 0.16773
0.153 0.16818
0.154 0.16862
0.155 0.16905
0.156 0.16947
0.157 0.16988
0.158 0.17029
0.159 0.17069
0.16 0.17108
0.161 0.17146
0.162 0.17183
0.163 0.1722
0.164 0.17256
0.165 0.17291
0.166 0.17325
0.167 0.17358
0.168 0.17391
0.169 0.17423
0.17 0.17454
0.171 0.17484
0.172 0.17514
0.173 0.17542
0.174 0.1757
0.175 0.17598
0.176 0.17624
0.177 0.1765
0.178 0.17675
0.179 0.17699
0.18 0.17722
0.181 0.17745
0.182 0.17767
0.183 0.17788
0.184 0.17808
0.185 0.17828
0.186 0.17847
0.187 0.17865
0.188 0.17882
0.189 0.17899
0.19 0.17915
0.191 0.1793
0.192 0.17944
0.193 0.17958
0.194 0.17971
0.195 0.17984
0.196 0.17995
0.197 0.18006
0.198 0.18016
0.199 0.18026
0.2 0.18035
0.201 0.18043
0.202 0.1805
0.203 0.18057
0.204 0.18063
0.205 0.18068
0.206 0.18073
0.207 0.18077
0.208 0.1808
0.209 0.18082
0.21 0.18084
0.211 0.18086
0.212 0.18086
0.213 0.18086
0.214 0.18085
0.215 0.18084
0.216 0.18082
0.217 0.18079
0.218 0.18075
0.219 0.18071
0.22 0.18066
0.221 0.18061
0.222 0.18055
0.223 0.18048
0.224 0.18041
0.225 0.18033
0.226 0.18024
0.227 0.18015
0.228 0.18005
0.229 0.17995
0.23 0.17984
0.231 0.17972
0.232 0.1796
0.233 0.17947
0.234 0.17933
0.235 0.17919
0.236 0.17904
0.237 0.17889
0.238 0.17873
0.239 0.17856
0.24 0.17839
0.241 0.17821
0.242 0.17803
0.243 0.17784
0.244 0.17765
0.245 0.17745
0.246 0.17724
0.247 0.17703
0.248 0.17681
0.249 0.17659
0.25 0.17636
0.251 0.17612
0.252 0.17588
0.253 0.17564
0.254 0.17539
0.255 0.17513
0.256 0.17486
0.257 0.1746
0.258 0.17432
0.259 0.17404
0.26 0.17376
0.261 0.17347
0.262 0.17317
0.263 0.17287
0.264 0.17257
0.265 0.17226
0.266 0.17194
0.267 0.17162
0.268 0.1713
0.269 0.17097
0.27 0.17063
0.271 0.17029
0.272 0.16994
0.273 0.16959
0.274 0.16923
0.275 0.16887
0.276 0.1685
0.277 0.16813
0.278 0.16776
0.279 0.16738
0.28 0.16699
0.281 0.1666
0.282 0.16621
0.283 0.16581
0.284 0.1654
0.285 0.16499
0.286 0.16458
0.287 0.16416
0.288 0.16374
0.289 0.16331
0.29 0.16287
0.291 0.16244
0.292 0.16199
0.293 0.16155
0.294 0.1611
0.295 0.16064
0.296 0.16018
0.297 0.15972
0.298 0.15925
0.299 0.15878
0.3 0.1583
0.301 0.15782
0.302 0.15734
0.303 0.15685
0.304 0.15636
0.305 0.15586
0.306 0.15536
0.307 0.15485
0.308 0.15434
0.309 0.15383
0.31 0.15331
0.311 0.15279
0.312 0.15226
0.313 0.15173
0.314 0.1512
0.315 0.15066
0.316 0.15012
0.317 0.14957
0.318 0.14902
0.319 0.14847
0.32 0.14791
0.321 0.14735
0.322 0.14679
0.323 0.14622
0.324 0.14564
0.325 0.14507
0.326 0.14449
0.327 0.14391
0.328 0.14332
0.329 0.14273
0.33 0.14213
0.331 0.14154
0.332 0.14094
0.333 0.14033
0.334 0.13973
0.335 0.13911
0.336 0.1385
0.337 0.13788
0.338 0.13726
0.339 0.13664
0.34 0.13601
0.341 0.13538
0.342 0.13474
0.343 0.1341
0.344 0.13346
0.345 0.13282
0.346 0.13217
0.347 0.13152
0.348 0.13087
0.349 0.13021
0.35 0.12955
0.351 0.12889
0.352 0.12822
0.353 0.12755
0.354 0.12688
0.355 0.1262
0.356 0.12552
0.357 0.12484
0.358 0.12416
0.359 0.12347
0.36 0.12278
0.361 0.12209
0.362 0.12139
0.363 0.12069
0.364 0.11999
0.365 0.11929
0.366 0.11858
0.367 0.11787
0.368 0.11716
0.369 0.11644
0.37 0.11573
0.371 0.11501
0.372 0.11428
0.373 0.11356
0.374 0.11283
0.375 0.1121
0.376 0.11136
0.377 0.11063
0.378 0.10989
0.379 0.10915
0.38 0.1084
0.381 0.10766
0.382 0.10691
0.383 0.10616
0.384 0.1054
0.385 0.10465
0.386 0.10389
0.387 0.10313
0.388 0.10237
0.389 0.1016
0.39 0.10083
0.391 0.10006
0.392 0.099293
0.393 0.098518
0.394 0.097741
0.395 0.096962
0.396 0.096181
0.397 0.095398
0.398 0.094612
0.399 0.093825
0.4 0.093036
0.401 0.092244
0.402 0.091451
0.403 0.090655
0.404 0.089858
0.405 0.089058
0.406 0.088257
0.407 0.087453
0.408 0.086647
0.409 0.085839
0.41 0.08503
0.411 0.084218
0.412 0.083404
0.413 0.082588
0.414 0.081771
0.415 0.080951
0.416 0.08013
0.417 0.079308
0.418 0.078483
0.419 0.077657
0.42 0.076829
0.421 0.076
0.422 0.075168
0.423 0.074335
0.424 0.073501
0.425 0.072664
0.426 0.071826
0.427 0.070986
0.428 0.070144
0.429 0.069301
0.43 0.068456
0.431 0.067609
0.432 0.066761
0.433 0.065912
0.434 0.065061
0.435 0.064209
0.436 0.063355
0.437 0.0625
0.438 0.061644
0.439 0.060785
0.44 0.059926
0.441 0.059065
0.442 0.058203
0.443 0.057339
0.444 0.056473
0.445 0.055606
0.446 0.054738
0.447 0.053868
0.448 0.052997
0.449 0.052125
0.45 0.051252
0.451 0.050378
0.452 0.049503
0.453 0.048626
0.454 0.047748
0.455 0.046869
0.456 0.045989
0.457 0.045108
0.458 0.044226
0.459 0.043342
0.46 0.042457
0.461 0.041571
0.462 0.040684
0.463 0.039796
0.464 0.038907
0.465 0.038017
0.466 0.037126
0.467 0.036234
0.468 0.035342
0.469 0.034448
0.47 0.033553
0.471 0.032658
0.472 0.031761
0.473 0.030864
0.474 0.029966
0.475 0.029066
0.476 0.028166
0.477 0.027265
0.478 0.026363
0.479 0.02546
0.48 0.024557
0.481 0.023652
0.482 0.022747
0.483 0.021841
0.484 0.020934
0.485 0.020027
0.486 0.01912
0.487 0.018211
0.488 0.017303
0.489 0.016393
0.49 0.015483
0.491 0.014573
0.492 0.013661
0.493 0.01275
0.494 0.011837
0.495 0.010924
0.496 0.010011
0.497 0.0090964
0.498 0.0081817
0.499 0.0072666
0.5 0.0063512
0.501 0.0054355
0.502 0.0045194
0.503 0.0036029
0.504 0.0026861
0.505 0.001769
0.506 0.0008515
0.507 -6.6445e-05
0.508 -0.00098472
0.509 -0.0019033
0.51 -0.0028223
0.511 -0.0037416
0.512 -0.0046613
0.513 -0.0055814
0.514 -0.0065017
0.515 -0.0074224
0.516 -0.0083433
0.517 -0.0092642
0.518 -0.010185
0.519 -0.011106
0.52 -0.012027
0.521 -0.012948
0.522 -0.013869
0.523 -0.01479
0.524 -0.015711
0.525 -0.016632
0.526 -0.017553
0.527 -0.018474
0.528 -0.019395
0.529 -0.020316
0.53 -0.021237
0.531 -0.022158
0.532 -0.023079
0.533 -0.024
0.534 -0.024921
0.535 -0.025842
0.536 -0.026762
0.537 -0.027682
0.538 -0.028601
0.539 -0.029521
0.54 -0.03044
0.541 -0.031359
0.542 -0.032278
0.543 -0.033196
0.544 -0.034114
0.545 -0.035032
0.546 -0.03595
0.547 -0.036867
0.548 -0.037784
0.549 -0.038701
0.55 -0.039618
0.551 -0.040534
0.552 -0.041449
0.553 -0.042364
0.554 -0.043278
0.555 -0.044192
0.556 -0.045105
0.557 -0.046017
0.558 -0.046929
0.559 -0.04784
0.56 -0.04875
0.561 -0.04966
0.562 -0.050569
0.563 -0.051477
0.564 -0.052385
0.565 -0.053293
0.566 -0.054199
0.567 -0.055105
0.568 -0.05601
0.569 -0.056915
0.57 -0.057818
0.571 -0.05872
0.572 -0.059621
0.573 -0.060522
0.574 -0.061421
0.575 -0.06232
0.576 -0.063217
0.577 -0.064114
0.578 -0.065009
0.579 -0.065904
0.58 -0.066798
0.581 -0.067691
0.582 -0.068583
0.583 -0.069474
0.584 -0.070364
0.585 -0.071252
0.586 -0.07214
0.587 -0.073026
0.588 -0.073911
0.589 -0.074794
0.59 -0.075676
0.591 -0.076557
0.592 -0.077437
0.593 -0.078315
0.594 -0.079191
0.595 -0.080066
0.596 -0.08094
0.597 -0.081813
0.598 -0.082684
0.599 -0.083554
0.6 -0.084422
0.601 -0.085289
0.602 -0.086155
0.603 -0.087019
0.604 -0.087881
0.605 -0.088742
0.606 -0.0896
0.607 -0.090457
0.608 -0.091313
0.609 -0.092166
0.61 -0.093018
0.611 -0.093867
0.612 -0.094716
0.613 -0.095562
0.614 -0.096407
0.615 -0.09725
0.616 -0.098091
0.617 -0.09893
0.618 -0.099768
0.619 -0.1006
0.62 -0.10144
0.621 -0.10227
0.622 -0.1031
0.623 -0.10393
0.624 -0.10475
0.625 -0.10557
0.626 -0.10639
0.627 -0.10721
0.628 -0.10803
0.629 -0.10884
0.63 -0.10965
0.631 -0.11046
0.632 -0.11127
0.633 -0.11207
0.634 -0.11288
0.635 -0.11368
0.636 -0.11448
0.637 -0.11527
0.638 -0.11606
0.639 -0.11686
0.64 -0.11764
0.641 -0.11843
0.642 -0.11921
0.643 -0.11999
0.644 -0.12077
0.645 -0.12154
0.646 -0.12231
0.647 -0.12308
0.648 -0.12385
0.649 -0.12461
0.65 -0.12537
0.651 -0.12613
0.652 -0.12688
0.653 -0.12764
0.654 -0.12839
0.655 -0.12913
0.656 -0.12988
0.657 -0.13062
0.658 -0.13135
0.659 -0.13209
0.66 -0.13282
0.661 -0.13354
0.662 -0.13427
0.663 -0.13499
0.664 -0.13571
0.665 -0.13642
0.666 -0.13713
0.667 -0.13784
0.668 -0.13854
0.669 -0.13925
0.67 -0.13994
0.671 -0.14064
0.672 -0.14133
0.673 -0.14202
0.674 -0.1427
0.675 -0.14338
0.676 -0.14406
0.677 -0.14473
0.678 -0.1454
0.679 -0.14606
0.68 -0.14672
0.681 -0.14738
0.682 -0.14803
0.683 -0.14868
0.684 -0.14933
0.685 -0.14997
0.686 -0.15061
0.687 -0.15124
0.688 -0.15187
0.689 -0.1525
0.69 -0.15312
0.691 -0.15374
0.692 -0.15435
0.693 -0.15496
0.694 -0.15557
0.695 -0.15617
0.696 -0.15676
0.697 -0.15736
0.698 -0.15794
0.699 -0.15853
0.7 -0.15911
0.701 -0.15968
0.702 -0.16025
0.703 -0.16081
0.704 -0.16138
0.705 -0.16193
0.706 -0.16248
0.707 -0.16303
0.708 -0.16357
0.709 -0.16411
0.71 -0.16464
0.711 -0.16517
0.712 -0.16569
0.713 -0.16621
0.714 -0.16672
0.715 -0.16723
0.716 -0.16773
0.717 -0.16823
0.718 -0.16872
0.719 -0.16921
0.72 -0.16969
0.721 -0.17017
0.722 -0.17064
0.723 -0.17111
0.724 -0.17157
0.725 -0.17202
0.726 -0.17247
0.727 -0.17292
0.728 -0.17336
0.729 -0.17379
0.73 -0.17422
0.731 -0.17464
0.732 -0.17506
0.733 -0.17547
0.734 -0.17587
0.735 -0.17627
0.736 -0.17667
0.737 -0.17706
0.738 -0.17744
0.739 -0.17782
0.74 -0.17819
0.741 -0.17856
0.742 -0.17892
0.743 -0.17927
0.744 -0.17962
0.745 -0.17996
0.746 -0.18029
0.747 -0.18062
0.748 -0.18094
0.749 -0.18126
0.75 -0.18157
0.751 -0.18187
0.752 -0.18217
0.753 -0.18246
0.754 -0.18274
0.755 -0.18302
0.756 -0.18329
0.757 -0.18356
0.758 -0.18382
0.759 -0.18407
0.76 -0.18431
0.761 -0.18455
0.762 -0.18478
0.763 -0.18501
0.764 -0.18523
0.765 -0.18544
0.766 -0.18564
0.767 -0.18584
0.768 -0.18603
0.769 -0.18621
0.77 -0.18639
0.771 -0.18656
0.772 -0.18672
0.773 -0.18688
0.774 -0.18703
0.775 -0.18717
0.776 -0.1873
0.777 -0.18743
0.778 -0.18755
0.779 -0.18766
0.78 -0.18777
0.781 -0.18787
0.782 -0.18796
0.783 -0.18804
0.784 -0.18811
0.785 -0.18818
0.786 -0.18824
0.787 -0.18829
0.788 -0.18834
0.789 -0.18837
0.79 -0.1884
0.791 -0.18842
0.792 -0.18844
0.793 -0.18845
0.794 -0.18844
0.795 -0.18843
0.796 -0.18842
0.797 -0.18839
0.798 -0.18836
0.799 -0.18832
0.8 -0.18827
0.801 -0.18821
0.802 -0.18814
0.803 -0.18807
0.804 -0.18799
0.805 -0.1879
0.806 -0.1878
0.807 -0.1877
0.808 -0.18758
0.809 -0.18746
0.81 -0.18733
0.811 -0.18719
0.812 -0.18704
0.813 -0.18689
0.814 -0.18672
0.815 -0.18655
0.816 -0.18637
0.817 -0.18618
0.818 -0.18598
0.819 -0.18577
0.82 -0.18556
0.821 -0.18533
0.822 -0.1851
0.823 -0.18486
0.824 -0.18461
0.825 -0.18435
0.826 -0.18408
0.827 -0.18381
0.828 -0.18352
0.829 -0.18323
0.83 -0.18293
0.831 -0.18261
0.832 -0.18229
0.833 -0.18196
0.834 -0.18162
0.835 -0.18128
0.836 -0.18092
0.837 -0.18056
0.838 -0.18018
0.839 -0.1798
0.84 -0.17941
0.841 -0.179
0.842 -0.17859
0.843 -0.17818
0.844 -0.17775
0.845 -0.17731
0.846 -0.17686
0.847 -0.17641
0.848 -0.17594
0.849 -0.17547
0.85 -0.17499
0.851 -0.17449
0.852 -0.17399
0.853 -0.17348
0.854 -0.17296
0.855 -0.17243
0.856 -0.17189
0.857 -0.17134
0.858 -0.17078
0.859 -0.17022
0.86 -0.16964
0.861 -0.16905
0.862 -0.16846
0.863 -0.16785
0.864 -0.16724
0.865 -0.16662
0.866 -0.16598
0.867 -0.16534
0.868 -0.16469
0.869 -0.16403
0.87 -0.16336
0.871 -0.16268
0.872 -0.16199
0.873 -0.16129
0.874 -0.16058
0.875 -0.15986
0.876 -0.15914
0.877 -0.1584
0.878 -0.15765
0.879 -0.1569
0.88 -0.15613
0.881 -0.15536
0.882 -0.15457
0.883 -0.15378
0.884 -0.15298
0.885 -0.15216
0.886 -0.15134
0.887 -0.15051
0.888 -0.14967
0.889 -0.14882
0.89 -0.14796
0.891 -0.14709
0.892 -0.14621
0.893 -0.14532
0.894 -0.14442
0.895 -0.14352
0.896 -0.1426
0.897 -0.14167
0.898 -0.14074
0.899 -0.13979
0.9 -0.13884
0.901 -0.13787
0.902 -0.1369
0.903 -0.13592
0.904 -0.13493
0.905 -0.13392
0.906 -0.13291
0.907 -0.13189
0.908 -0.13086
0.909 -0.12983
0.91 -0.12878
0.911 -0.12772
0.912 -0.12665
0.913 -0.12558
0.914 -0.12449
0.915 -0.1234
0.916 -0.12229
0.917 -0.12118
0.918 -0.12006
0.919 -0.11893
0.92 -0.11779
0.921 -0.11664
0.922 -0.11548
0.923 -0.11432
0.924 -0.11314
0.925 -0.11196
0.926 -0.11076
0.927 -0.10956
0.928 -0.10835
0.929 -0.10713
0.93 -0.1059
0.931 -0.10466
0.932 -0.10341
0.933 -0.10216
0.934 -0.10089
0.935 -0.099617
0.936 -0.098335
0.937 -0.097045
0.938 -0.095745
0.939 -0.094438
0.94 -0.093121
0.941 -0.091796
0.942 -0.090463
0.943 -0.089121
0.944 -0.08777
0.945 -0.086411
0.946 -0.085043
0.947 -0.083666
0.948 -0.082281
0.949 -0.080888
0.95 -0.079487
0.951 -0.078077
0.952 -0.07666
0.953 -0.075236
0.954 -0.073803
0.955 -0.072362
0.956 -0.070914
0.957 -0.069458
0.958 -0.067993
0.959 -0.066521
0.96 -0.065042
0.961 -0.063554
0.962 -0.062058
0.963 -0.060555
0.964 -0.059043
0.965 -0.057524
0.966 -0.055997
0.967 -0.054463
0.968 -0.052922
0.969 -0.051374
0.97 -0.049818
0.971 -0.048256
0.972 -0.046686
0.973 -0.045109
0.974 -0.043525
0.975 -0.041934
0.976 -0.040336
0.977 -0.03873
0.978 -0.037118
0.979 -0.035498
0.98 -0.033871
0.981 -0.032237
0.982 -0.030596
0.983 -0.028947
0.984 -0.027293
0.985 -0.025632
0.986 -0.023965
0.987 -0.022293
0.988 -0.020614
0.989 -0.018929
0.99 -0.017239
0.991 -0.015542
0.992 -0.013839
0.993 -0.01213
0.994 -0.010415
0.995 -0.0086945
0.996 -0.0069676
0.997 -0.0052348
0.998 -0.0034958
0.999 -0.0017509
1 0
