0 0
0.01 -0.0068874
0.02 -0.013459
0.03 -0.019751
0.04 -0.025786
0.05 -0.031586
0.06 -0.037176
0.07 -0.042574
0.08 -0.0478
0.09 -0.05287
0.1 -0.057802
0.11 -0.06261
0.12 -0.067307
0.13 -0.071907
0.14 -0.07642
0.15 -0.080857
0.16 -0.085227
0.17 -0.089539
0.18 -0.093801
0.19 -0.09802
0.2 -0.1022
0.21 -0.10635
0.22 -0.11047
0.23 -0.11456
0.24 -0.11864
0.25 -0.12269
0.26 -0.12673
0.27 -0.13074
0.28 -0.13474
0.29 -0.13872
0.3 -0.14268
0.31 -0.14661
0.32 -0.15051
0.33 -0.15438
0.34 -0.15821
0.35 -0.16199
0.36 -0.16572
0.37 -0.16939
0.38 -0.17298
0.39 -0.17649
0.4 -0.1799
0.41 -0.1832
0.42 -0.18638
0.43 -0.18942
0.44 -0.1923
0.45 -0.195
0.46 -0.1975
0.47 -0.19978
0.48 -0.20182
0.49 -0.20359
0.5 -0.20507
0.51 -0.20622
0.52 -0.20702
0.53 -0.20743
0.54 -0.20742
0.55 -0.20695
0.56 -0.20599
0.57 -0.2045
0.58 -0.20244
0.59 -0.19976
0.6 -0.19641
0.61 -0.19236
0.62 -0.18755
0.63 -0.18193
0.64 -0.17546
0.65 -0.16807
0.66 -0.15972
0.67 -0.15036
0.68 -0.13991
0.69 -0.12833
0.7 -0.11556
0.71 -0.10155
0.72 -0.086229
0.73 -0.069549
0.74 -0.051451
0.75 -0.031882
0.76 -0.01079
0.77 0.011878
0.78 0.036166
0.79 0.062122
0.8 0.089783
0.81 0.11919
0.82 0.15036
0.83 0.18333
0.84 0.21811
0.85 0.25472
0.86 0.29316
0.87 0.33341
0.88 0.37546
0.89 0.4193
0.9 0.46487
0.91 0.51213
0.92 0.56103
0.93 0.61148
0.94 0.66341
0.95 0.71674
0.96 0.77133
0.97 0.82709
0.98 0.88387
0.99 0.94157
1 1
