0 0
0.001 -0.00075804
0.002 -0.0015128
0.003 -0.0022642
0.004 -0.0030123
0.005 -0.003757
0.006 -0.0044985
0.007 -0.0052366
0.008 -0.0059715
0.009 -0.006703
0.01 -0.0074312
0.011 -0.0081561
0.012 -0.0088776
0.013 -0.0095959
0.014 -0.010311
0.015 -0.011022
0.016 -0.011731
0.017 -0.012436
0.018 -0.013138
0.019 -0.013837
0.02 -0.014534
0.021 -0.015228
0.022 -0.01592
0.023 -0.016609
0.024 -0.017295
0.025 -0.017978
0.026 -0.018659
0.027 -0.019337
0.028 -0.020012
0.029 -0.020685
0.03 -0.021355
0.031 -0.022023
0.032 -0.022688
0.033 -0.023351
0.034 -0.02401
0.035 -0.024667
0.036 -0.025322
0.037 -0.025974
0.038 -0.026625
0.039 -0.027273
0.04 -0.027918
0.041 -0.028562
0.042 -0.029203
0.043 -0.029842
0.044 -0.030479
0.045 -0.031114
0.046 -0.031746
0.047 -0.032376
0.048 -0.033004
0.049 -0.03363
0.05 -0.034254
0.051 -0.034877
0.052 -0.035497
0.053 -0.036115
0.054 -0.036731
0.055 -0.037345
0.056 -0.037957
0.057 -0.038568
0.058 -0.039177
0.059 -0.039784
0.06 -0.040389
0.061 -0.040993
0.062 -0.041595
0.063 -0.042195
0.064 -0.042793
0.065 -0.04339
0.066 -0.043984
0.067 -0.044577
0.068 -0.045169
0.069 -0.045758
0.07 -0.046347
0.071 -0.046935
0.072 -0.04752
0.073 -0.048104
0.074 -0.048686
0.075 -0.049267
0.076 -0.049847
0.077 -0.050425
0.078 -0.051002
0.079 -0.051577
0.08 -0.052152
0.081 -0.052725
0.082 -0.053296
0.083 -0.053866
0.084 -0.054435
0.085 -0.055003
0.086 -0.055569
0.087 -0.056134
0.088 -0.056698
0.089 -0.05726
0.09 -0.057822
0.091 -0.058383
0.092 -0.058942
0.093 -0.0595
0.094 -0.060057
0.095 -0.060613
0.096 -0.061168
0.097 -0.061723
0.098 -0.062276
0.099 -0.062828
0.1 -0.063379
0.101 -0.063929
0.102 -0.064478
0.103 -0.065027
0.104 -0.065574
0.105 -0.06612
0.106 -0.066665
0.107 -0.06721
0.108 -0.067753
0.109 -0.068296
0.11 -0.068838
0.111 -0.06938
0.112 -0.06992
0.113 -0.07046
0.114 -0.070998
0.115 -0.071536
0.116 -0.072074
0.117 -0.07261
0.118 -0.073147
0.119 -0.073682
0.12 -0.074217
0.121 -0.074751
0.122 -0.075284
0.123 -0.075817
0.124 -0.076349
0.125 -0.07688
0.126 -0.077411
0.127 -0.07794
0.128 -0.07847
0.129 -0.078999
0.13 -0.079527
0.131 -0.080056
0.132 -0.080583
0.133 -0.08111
0.134 -0.081636
0.135 -0.082162
0.136 -0.082687
0.137 -0.083212
0.138 -0.083737
0.139 -0.084261
0.14 -0.084785
0.141 -0.085308
0.142 -0.085831
0.143 -0.086353
0.144 -0.086875
0.145 -0.087396
0.146 -0.087917
0.147 -0.088438
0.148 -0.088958
0.149 -0.089478
0.15 -0.089998
0.151 -0.090518
0.152 -0.091037
0.153 -0.091555
0.154 -0.092074
0.155 -0.092592
0.156 -0.09311
0.157 -0.093627
0.158 -0.094145
0.159 -0.094662
0.16 -0.095178
0.161 -0.095695
0.162 -0.096211
0.163 -0.096727
0.164 -0.097243
0.165 -0.097759
0.166 -0.098274
0.167 -0.098789
0.168 -0.099303
0.169 -0.099818
0.17 -0.10033
0.171 -0.10085
0.172 -0.10136
0.173 -0.10188
0.174 -0.10239
0.175 -0.1029
0.176 -0.10342
0.177 -0.10393
0.178 -0.10444
0.179 -0.10496
0.18 -0.10547
0.181 -0.10598
0.182 -0.10649
0.183 -0.10701
0.184 -0.10752
0.185 -0.10803
0.186 -0.10854
0.187 -0.10905
0.188 -0.10957
0.189 -0.11008
0.19 -0.11059
0.191 -0.1111
0.192 -0.11161
0.193 -0.11212
0.194 -0.11264
0.195 -0.11315
0.196 -0.11366
0.197 -0.11417
0.198 -0.11468
0.199 -0.11519
0.2 -0.1157
0.201 -0.11621
0.202 -0.11672
0.203 -0.11723
0.204 -0.11774
0.205 -0.11825
0.206 -0.11876
0.207 -0.11927
0.208 -0.11978
0.209 -0.12029
0.21 -0.1208
0.211 -0.12131
0.212 -0.12182
0.213 -0.12233
0.214 -0.12284
0.215 -0.12335
0.216 -0.12386
0.217 -0.12437
0.218 -0.12488
0.219 -0.12539
0.22 -0.1259
0.221 -0.12641
0.222 -0.12691
0.223 -0.12742
0.224 -0.12793
0.225 -0.12844
0.226 -0.12895
0.227 -0.12945
0.228 -0.12996
0.229 -0.13047
0.23 -0.13098
0.231 -0.13148
0.232 -0.13199
0.233 -0.1325
0.234 -0.13301
0.235 -0.13351
0.236 -0.13402
0.237 -0.13453
0.238 -0.13503
0.239 -0.13554
0.24 -0.13604
0.241 -0.13655
0.242 -0.13706
0.243 -0.13756
0.244 -0.13806
0.245 -0.13857
0.246 -0.13907
0.247 -0.13958
0.248 -0.14008
0.249 -0.14059
0.25 -0.14109
0.251 -0.14159
0.252 -0.1421
0.253 -0.1426
0.254 -0.1431
0.255 -0.1436
0.256 -0.14411
0.257 -0.14461
0.258 -0.14511
0.259 -0.14561
0.26 -0.14611
0.261 -0.14661
0.262 -0.14711
0.263 -0.14761
0.264 -0.1481
0.265 -0.1486
0.266 -0.1491
0.267 -0.1496
0.268 -0.15009
0.269 -0.15059
0.27 -0.15109
0.271 -0.15158
0.272 -0.15208
0.273 -0.15257
0.274 -0.15307
0.275 -0.15356
0.276 -0.15405
0.277 -0.15454
0.278 -0.15504
0.279 -0.15553
0.28 -0.15602
0.281 -0.15651
0.282 -0.15699
0.283 -0.15748
0.284 -0.15797
0.285 -0.15846
0.286 -0.15894
0.287 -0.15943
0.288 -0.15991
0.289 -0.1604
0.29 -0.16088
0.291 -0.16137
0.292 -0.16185
0.293 -0.16233
0.294 -0.16281
0.295 -0.16329
0.296 -0.16377
0.297 -0.16425
0.298 -0.16472
0.299 -0.1652
0.3 -0.16567
0.301 -0.16615
0.302 -0.16662
0.303 -0.16709
0.304 -0.16756
0.305 -0.16803
0.306 -0.1685
0.307 -0.16897
0.308 -0.16943
0.309 -0.1699
0.31 -0.17036
0.311 -0.17083
0.312 -0.17129
0.313 -0.17175
0.314 -0.17221
0.315 -0.17267
0.316 -0.17313
0.317 -0.17358
0.318 -0.17404
0.319 -0.17449
0.32 -0.17494
0.321 -0.17539
0.322 -0.17584
0.323 -0.17629
0.324 -0.17673
0.325 -0.17718
0.326 -0.17762
0.327 -0.17806
0.328 -0.1785
0.329 -0.17894
0.33 -0.17938
0.331 -0.17982
0.332 -0.18025
0.333 -0.18068
0.334 -0.18112
0.335 -0.18154
0.336 -0.18197
0.337 -0.1824
0.338 -0.18282
0.339 -0.18324
0.34 -0.18366
0.341 -0.18408
0.342 -0.1845
0.343 -0.18491
0.344 -0.18532
0.345 -0.18573
0.346 -0.18614
0.347 -0.18655
0.348 -0.18696
0.349 -0.18736
0.35 -0.18776
0.351 -0.18816
0.352 -0.18856
0.353 -0.18895
0.354 -0.18934
0.355 -0.18973
0.356 -0.19012
0.357 -0.19051
0.358 -0.19089
0.359 -0.19127
0.36 -0.19165
0.361 -0.19202
0.362 -0.1924
0.363 -0.19277
0.364 -0.19314
0.365 -0.1935
0.366 -0.19387
0.367 -0.19423
0.368 -0.19459
0.369 -0.19494
0.37 -0.1953
0.371 -0.19565
0.372 -0.196
0.373 -0.19634
0.374 -0.19669
0.375 -0.19703
0.376 -0.19736
0.377 -0.1977
0.378 -0.19803
0.379 -0.19836
0.38 -0.19868
0.381 -0.199
0.382 -0.19932
0.383 -0.19964
0.384 -0.19995
0.385 -0.20026
0.386 -0.20057
0.387 -0.20088
0.388 -0.20118
0.389 -0.20148
0.39 -0.20177
0.391 -0.20206
0.392 -0.20235
0.393 -0.20264
0.394 -0.20292
0.395 -0.2032
0.396 -0.20347
0.397 -0.20374
0.398 -0.20401
0.399 -0.20427
0.4 -0.20454
0.401 -0.20479
0.402 -0.20505
0.403 -0.2053
0.404 -0.20554
0.405 -0.20579
0.406 -0.20603
0.407 -0.20626
0.408 -0.20649
0.409 -0.20672
0.41 -0.20695
0.411 -0.20717
0.412 -0.20738
0.413 -0.2076
0.414 -0.20781
0.415 -0.20801
0.416 -0.20821
0.417 -0.20841
0.418 -0.2086
0.419 -0.20879
0.42 -0.20897
0.421 -0.20915
0.422 -0.20933
0.423 -0.2095
0.424 -0.20967
0.425 -0.20983
0.426 -0.20999
0.427 -0.21015
0.428 -0.2103
0.429 -0.21044
0.43 -0.21059
0.431 -0.21072
0.432 -0.21086
0.433 -0.21098
0.434 -0.21111
0.435 -0.21123
0.436 -0.21134
0.437 -0.21145
0.438 -0.21156
0.439 -0.21166
0.44 -0.21175
0.441 -0.21185
0.442 -0.21193
0.443 -0.21201
0.444 -0.21209
0.445 -0.21216
0.446 -0.21223
0.447 -0.2123
0.448 -0.21235
0.449 -0.21241
0.45 -0.21245
0.451 -0.2125
0.452 -0.21254
0.453 -0.21257
0.454 -0.2126
0.455 -0.21262
0.456 -0.21264
0.457 -0.21265
0.458 -0.21266
0.459 -0.21266
0.46 -0.21266
0.461 -0.21265
0.462 -0.21263
0.463 -0.21262
0.464 -0.21259
0.465 -0.21256
0.466 -0.21253
0.467 -0.21249
0.468 -0.21244
0.469 -0.21239
0.47 -0.21234
0.471 -0.21228
0.472 -0.21221
0.473 -0.21214
0.474 -0.21206
0.475 -0.21197
0.476 -0.21189
0.477 -0.21179
0.478 -0.21169
0.479 -0.21158
0.48 -0.21147
0.481 -0.21136
0.482 -0.21123
0.483 -0.2111
0.484 -0.21097
0.485 -0.21083
0.486 -0.21069
0.487 -0.21053
0.488 -0.21038
0.489 -0.21022
0.49 -0.21005
0.491 -0.20987
0.492 -0.20969
0.493 -0.2095
0.494 -0.20931
0.495 -0.20911
0.496 -0.20891
0.497 -0.2087
0.498 -0.20848
0.499 -0.20826
0.5 -0.20803
0.501 -0.2078
0.502 -0.20756
0.503 -0.20732
0.504 -0.20706
0.505 -0.20681
0.506 -0.20654
0.507 -0.20627
0.508 -0.206
0.509 -0.20572
0.51 -0.20543
0.511 -0.20513
0.512 -0.20483
0.513 -0.20453
0.514 -0.20421
0.515 -0.2039
0.516 -0.20357
0.517 -0.20324
0.518 -0.2029
0.519 -0.20256
0.52 -0.20221
0.521 -0.20186
0.522 -0.2015
0.523 -0.20113
0.524 -0.20075
0.525 -0.20037
0.526 -0.19999
0.527 -0.1996
0.528 -0.1992
0.529 -0.19879
0.53 -0.19838
0.531 -0.19796
0.532 -0.19754
0.533 -0.19711
0.534 -0.19667
0.535 -0.19623
0.536 -0.19578
0.537 -0.19533
0.538 -0.19487
0.539 -0.1944
0.54 -0.19393
0.541 -0.19345
0.542 -0.19296
0.543 -0.19247
0.544 -0.19197
0.545 -0.19147
0.546 -0.19096
0.547 -0.19044
0.548 -0.18992
0.549 -0.18939
0.55 -0.18885
0.551 -0.18831
0.552 -0.18776
0.553 -0.18721
0.554 -0.18665
0.555 -0.18608
0.556 -0.18551
0.557 -0.18493
0.558 -0.18434
0.559 -0.18375
0.56 -0.18316
0.561 -0.18255
0.562 -0.18194
0.563 -0.18133
0.564 -0.18071
0.565 -0.18008
0.566 -0.17944
0.567 -0.1788
0.568 -0.17816
0.569 -0.17751
0.57 -0.17685
0.571 -0.17618
0.572 -0.17551
0.573 -0.17483
0.574 -0.17415
0.575 -0.17346
0.576 -0.17276
0.577 -0.17206
0.578 -0.17136
0.579 -0.17064
0.58 -0.16992
0.581 -0.1692
0.582 -0.16847
0.583 -0.16773
0.584 -0.16699
0.585 -0.16624
0.586 -0.16549
0.587 -0.16473
0.588 -0.16396
0.589 -0.16319
0.59 -0.16241
0.591 -0.16163
0.592 -0.16084
0.593 -0.16004
0.594 -0.15924
0.595 -0.15843
0.596 -0.15762
0.597 -0.1568
0.598 -0.15598
0.599 -0.15515
0.6 -0.15431
0.601 -0.15347
0.602 -0.15262
0.603 -0.15177
0.604 -0.15091
0.605 -0.15005
0.606 -0.14918
0.607 -0.14831
0.608 -0.14743
0.609 -0.14654
0.61 -0.14565
0.611 -0.14475
0.612 -0.14385
0.613 -0.14294
0.614 -0.14203
0.615 -0.14111
0.616 -0.14018
0.617 -0.13925
0.618 -0.13832
0.619 -0.13738
0.62 -0.13643
0.621 -0.13548
0.622 -0.13453
0.623 -0.13357
0.624 -0.1326
0.625 -0.13163
0.626 -0.13065
0.627 -0.12967
0.628 -0.12868
0.629 -0.12769
0.63 -0.12669
0.631 -0.12569
0.632 -0.12468
0.633 -0.12367
0.634 -0.12265
0.635 -0.12163
0.636 -0.1206
0.637 -0.11957
0.638 -0.11853
0.639 -0.11749
0.64 -0.11644
0.641 -0.11539
0.642 -0.11433
0.643 -0.11327
0.644 -0.1122
0.645 -0.11113
0.646 -0.11005
0.647 -0.10897
0.648 -0.10788
0.649 -0.10679
0.65 -0.1057
0.651 -0.10459
0.652 -0.10349
0.653 -0.10238
0.654 -0.10126
0.655 -0.10014
0.656 -0.099018
0.657 -0.09789
0.658 -0.096757
0.659 -0.095619
0.66 -0.094477
0.661 -0.09333
0.662 -0.092179
0.663 -0.091023
0.664 -0.089863
0.665 -0.088698
0.666 -0.087529
0.667 -0.086355
0.668 -0.085177
0.669 -0.083993
0.67 -0.082805
0.671 -0.081613
0.672 -0.080416
0.673 -0.079215
0.674 -0.078009
0.675 -0.0768
0.676 -0.075586
0.677 -0.074367
0.678 -0.073145
0.679 -0.071918
0.68 -0.070687
0.681 -0.069452
0.682 -0.068213
0.683 -0.066969
0.684 -0.065721
0.685 -0.064468
0.686 -0.063212
0.687 -0.061951
0.688 -0.060686
0.689 -0.059416
0.69 -0.058141
0.691 -0.056862
0.692 -0.055579
0.693 -0.054292
0.694 -0.053001
0.695 -0.051705
0.696 -0.050406
0.697 -0.049101
0.698 -0.047793
0.699 -0.046481
0.7 -0.045164
0.701 -0.043843
0.702 -0.042518
0.703 -0.041189
0.704 -0.039855
0.705 -0.038517
0.706 -0.037175
0.707 -0.035829
0.708 -0.034478
0.709 -0.033123
0.71 -0.031763
0.711 -0.030398
0.712 -0.029029
0.713 -0.027656
0.714 -0.026279
0.715 -0.024897
0.716 -0.023511
0.717 -0.02212
0.718 -0.020725
0.719 -0.019325
0.72 -0.017921
0.721 -0.016512
0.722 -0.015098
0.723 -0.01368
0.724 -0.012258
0.725 -0.010831
0.726 -0.0093997
0.727 -0.0079638
0.728 -0.0065234
0.729 -0.0050781
0.73 -0.0036271
0.731 -0.0021711
0.732 -0.00071108
0.733 0.00075369
0.734 0.0022238
0.735 0.003699
0.736 0.0051794
0.737 0.0066651
0.738 0.0081559
0.739 0.0096521
0.74 0.011153
0.741 0.01266
0.742 0.014172
0.743 0.015689
0.744 0.017211
0.745 0.018738
0.746 0.020271
0.747 0.021809
0.748 0.023352
0.749 0.024901
0.75 0.026456
0.751 0.028018
0.752 0.029584
0.753 0.031157
0.754 0.032735
0.755 0.03432
0.756 0.035912
0.757 0.03751
0.758 0.039115
0.759 0.040726
0.76 0.042344
0.761 0.043968
0.762 0.045599
0.763 0.047237
0.764 0.04888
0.765 0.050531
0.766 0.052188
0.767 0.053851
0.768 0.055521
0.769 0.057198
0.77 0.058884
0.771 0.060578
0.772 0.062278
0.773 0.063985
0.774 0.0657
0.775 0.067424
0.776 0.069157
0.777 0.070899
0.778 0.072649
0.779 0.074407
0.78 0.076174
0.781 0.07795
0.782 0.079734
0.783 0.081527
0.784 0.083329
0.785 0.085139
0.786 0.086958
0.787 0.088785
0.788 0.090621
0.789 0.092466
0.79 0.094324
0.791 0.096191
0.792 0.098066
0.793 0.099951
0.794 0.10185
0.795 0.10376
0.796 0.10568
0.797 0.10761
0.798 0.10955
0.799 0.1115
0.8 0.11347
0.801 0.11545
0.802 0.11744
0.803 0.11944
0.804 0.12145
0.805 0.12348
0.806 0.12551
0.807 0.12756
0.808 0.12962
0.809 0.13169
0.81 0.13378
0.811 0.13588
0.812 0.13799
0.813 0.14011
0.814 0.14226
0.815 0.14441
0.816 0.14658
0.817 0.14877
0.818 0.15097
0.819 0.15319
0.82 0.15543
0.821 0.15768
0.822 0.15994
0.823 0.16222
0.824 0.16452
0.825 0.16683
0.826 0.16916
0.827 0.1715
0.828 0.17386
0.829 0.17624
0.83 0.17864
0.831 0.18105
0.832 0.18348
0.833 0.18593
0.834 0.1884
0.835 0.19089
0.836 0.1934
0.837 0.19593
0.838 0.19848
0.839 0.20105
0.84 0.20364
0.841 0.20625
0.842 0.20889
0.843 0.21154
0.844 0.21422
0.845 0.21691
0.846 0.21963
0.847 0.22236
0.848 0.22512
0.849 0.2279
0.85 0.23071
0.851 0.23354
0.852 0.23638
0.853 0.23926
0.854 0.24216
0.855 0.24508
0.856 0.24803
0.857 0.25101
0.858 0.25402
0.859 0.25705
0.86 0.2601
0.861 0.26319
0.862 0.2663
0.863 0.26943
0.864 0.2726
0.865 0.27578
0.866 0.279
0.867 0.28224
0.868 0.28551
0.869 0.28881
0.87 0.29213
0.871 0.29549
0.872 0.29887
0.873 0.30229
0.874 0.30573
0.875 0.30921
0.876 0.31272
0.877 0.31626
0.878 0.31983
0.879 0.32344
0.88 0.32707
0.881 0.33074
0.882 0.33444
0.883 0.33818
0.884 0.34194
0.885 0.34574
0.886 0.34957
0.887 0.35344
0.888 0.35733
0.889 0.36126
0.89 0.36523
0.891 0.36922
0.892 0.37325
0.893 0.37732
0.894 0.38142
0.895 0.38556
0.896 0.38974
0.897 0.39395
0.898 0.3982
0.899 0.40249
0.9 0.40681
0.901 0.41117
0.902 0.41556
0.903 0.42
0.904 0.42447
0.905 0.42897
0.906 0.43352
0.907 0.4381
0.908 0.44271
0.909 0.44737
0.91 0.45206
0.911 0.45679
0.912 0.46156
0.913 0.46636
0.914 0.47121
0.915 0.47609
0.916 0.48101
0.917 0.48597
0.918 0.49096
0.919 0.496
0.92 0.50107
0.921 0.50618
0.922 0.51133
0.923 0.51652
0.924 0.52175
0.925 0.52701
0.926 0.53231
0.927 0.53766
0.928 0.54304
0.929 0.54845
0.93 0.55391
0.931 0.55939
0.932 0.56492
0.933 0.57049
0.934 0.57609
0.935 0.58172
0.936 0.58739
0.937 0.59309
0.938 0.59883
0.939 0.60461
0.94 0.61042
0.941 0.61626
0.942 0.62214
0.943 0.62805
0.944 0.634
0.945 0.63998
0.946 0.646
0.947 0.65205
0.948 0.65813
0.949 0.66426
0.95 0.6704
0.951 0.67658
0.952 0.68278
0.953 0.68902
0.954 0.69528
0.955 0.70157
0.956 0.70788
0.957 0.71421
0.958 0.72057
0.959 0.72696
0.96 0.73337
0.961 0.7398
0.962 0.74626
0.963 0.75274
0.964 0.75925
0.965 0.76579
0.966 0.77234
0.967 0.77893
0.968 0.78553
0.969 0.79215
0.97 0.79878
0.971 0.80542
0.972 0.81207
0.973 0.81873
0.974 0.8254
0.975 0.83209
0.976 0.83878
0.977 0.84548
0.978 0.8522
0.979 0.85892
0.98 0.86565
0.981 0.87239
0.982 0.87914
0.983 0.8859
0.984 0.89267
0.985 0.89945
0.986 0.90621
0.987 0.91297
0.988 0.91972
0.989 0.92646
0.99 0.93319
0.991 0.93991
0.992 0.94662
0.993 0.95333
0.994 0.96002
0.995 0.96671
0.996 0.97338
0.997 0.98005
0.998 0.98671
0.999 0.99336
1 1
