0	0
0.005	0
0.01	0
0.015	0
0.02	3.65757e-06
0.025	1.05372e-05
0.03	1.38389e-05
0.035	1.3843e-05
0.04	1.35455e-05
0.045	1.31285e-05
0.05	1.26939e-05
0.055	1.22818e-05
0.06	1.18906e-05
0.065	1.14987e-05
0.07	1.11781e-05
0.075	1.08607e-05
0.08	1.06085e-05
0.085	1.03387e-05
0.09	1.01353e-05
0.095	9.92867e-06
0.1	9.75969e-06
0.105	9.58159e-06
0.11	9.43446e-06
0.115	9.27742e-06
0.12	9.13562e-06
0.125	9.00162e-06
0.13	8.87002e-06
0.135	8.73887e-06
0.14	8.60716e-06
0.145	8.47237e-06
0.15	8.33389e-06
0.155	8.18834e-06
0.16	8.03634e-06
0.165	7.87856e-06
0.17	7.72064e-06
0.175	7.56618e-06
0.18	7.42116e-06
0.185	7.28973e-06
0.19	7.17716e-06
0.195	7.08901e-06
0.2	7.0327e-06
0.205	7.00992e-06
0.21	7.02338e-06
0.215	7.07264e-06
0.22	7.17019e-06
0.225	7.32344e-06
0.23	7.51981e-06
0.235	7.71204e-06
0.24	7.83893e-06
0.245	7.85143e-06
0.25	7.75528e-06
0.255	7.61527e-06
0.26	7.53807e-06
0.265	7.58586e-06
0.27	7.73921e-06
0.275	7.91857e-06
0.28	8.05697e-06
0.285	8.13396e-06
0.29	8.204e-06
0.295	8.37007e-06
0.3	8.69721e-06
0.305	9.14947e-06
0.31	9.61959e-06
0.315	1.00006e-05
0.32	1.01918e-05
0.325	1.02203e-05
0.33	1.00875e-05
0.335	9.84278e-06
0.34	9.55234e-06
0.345	9.35617e-06
0.35	9.25729e-06
0.355	9.22277e-06
0.36	9.19376e-06
0.365	9.13746e-06
0.37	9.05331e-06
0.375	8.96842e-06
0.38	8.95895e-06
0.385	9.08972e-06
0.39	9.4151e-06
0.395	9.84824e-06
0.4	1.02637e-05
0.405	1.05973e-05
0.41	1.07842e-05
0.415	1.0817e-05
0.42	1.07188e-05
0.425	1.05086e-05
0.43	1.02508e-05
0.435	9.98922e-06
0.44	9.78536e-06
0.445	9.66608e-06
0.45	9.59991e-06
0.455	9.538e-06
0.46	9.44096e-06
0.465	9.32864e-06
0.47	9.23523e-06
0.475	9.24194e-06
0.48	9.41629e-06
0.485	9.77136e-06
0.49	1.02007e-05
0.495	1.06262e-05
0.5	1.09495e-05
0.505	1.11177e-05
0.51	1.11461e-05
0.515	1.1036e-05
0.52	1.08283e-05
0.525	1.05596e-05
0.53	1.0318e-05
0.535	1.01216e-05
0.54	1.00024e-05
0.545	9.94841e-06
0.55	9.85072e-06
0.555	9.70531e-06
0.56	9.45146e-06
0.565	9.28023e-06
0.57	9.25867e-06
0.575	9.49597e-06
0.58	9.99243e-06
0.585	1.06708e-05
0.59	1.13288e-05
0.595	1.17602e-05
0.6	1.17747e-05
0.605	1.13952e-05
0.61	1.0849e-05
0.615	1.04053e-05
0.62	1.0094e-05
0.625	9.93336e-06
0.63	9.89195e-06
0.635	9.98384e-06
0.64	1.01044e-05
0.645	1.02063e-05
0.65	1.02822e-05
0.655	1.03529e-05
0.66	1.04382e-05
0.665	1.0514e-05
0.67	1.06346e-05
0.675	1.07568e-05
0.68	1.08488e-05
0.685	1.09197e-05
0.69	1.09368e-05
0.695	1.10163e-05
0.7	1.10896e-05
0.705	1.11303e-05
0.71	1.11117e-05
0.715	1.10498e-05
0.72	1.09812e-05
0.725	1.0944e-05
0.73	1.09594e-05
0.735	1.09888e-05
0.74	1.09424e-05
0.745	1.09029e-05
0.75	1.08444e-05
0.755	1.07545e-05
0.76	1.07039e-05
0.765	1.07206e-05
0.77	1.08025e-05
0.775	1.09799e-05
0.78	1.12565e-05
0.785	1.15128e-05
0.79	1.17704e-05
0.795	1.19299e-05
0.8	1.19933e-05
0.805	1.19474e-05
0.81	1.18359e-05
0.815	1.16995e-05
0.82	1.15687e-05
0.825	1.15094e-05
0.83	1.14305e-05
0.835	1.13124e-05
0.84	1.1203e-05
0.845	1.1058e-05
0.85	1.09421e-05
0.855	1.08647e-05
0.86	1.08911e-05
0.865	1.1e-05
0.87	1.12437e-05
0.875	1.15787e-05
0.88	1.18717e-05
0.885	1.21265e-05
0.89	1.22735e-05
0.895	1.23123e-05
0.9	1.22381e-05
0.905	1.20953e-05
0.91	1.19344e-05
0.915	1.17899e-05
0.92	1.17146e-05
0.925	1.15831e-05
0.93	1.14636e-05
0.935	1.13313e-05
0.94	1.11692e-05
0.945	1.10363e-05
0.95	1.09537e-05
0.955	1.09891e-05
0.96	1.11209e-05
0.965	1.14031e-05
0.97	1.17676e-05
0.975	1.2066e-05
0.98	1.23097e-05
0.985	1.2438e-05
0.99	1.24513e-05
0.995	1.23549e-05
1	1.21948e-05
1.005	1.20161e-05
1.01	1.1867e-05
1.015	1.1764e-05
1.02	1.16323e-05
1.025	1.15017e-05
1.03	1.13587e-05
1.035	1.11849e-05
1.04	1.1046e-05
1.045	1.09681e-05
1.05	1.10185e-05
1.055	1.11733e-05
1.06	1.14796e-05
1.065	1.181e-05
1.07	1.21438e-05
1.075	1.23847e-05
1.08	1.24939e-05
1.085	1.2496e-05
1.09	1.2388e-05
1.095	1.22221e-05
1.1	1.20344e-05
1.105	1.18878e-05
1.11	1.17851e-05
1.115	1.16412e-05
1.12	1.15088e-05
1.125	1.13574e-05
1.13	1.11793e-05
1.135	1.10372e-05
1.14	1.09671e-05
1.145	1.10395e-05
1.15	1.12119e-05
1.155	1.15402e-05
1.16	1.18816e-05
1.165	1.22096e-05
1.17	1.24393e-05
1.175	1.25345e-05
1.18	1.25214e-05
1.185	1.23908e-05
1.19	1.22293e-05
1.195	1.20356e-05
1.2	1.18984e-05
1.205	1.17766e-05
1.21	1.1645e-05
1.215	1.15035e-05
1.22	1.13277e-05
1.225	1.11677e-05
1.23	1.10297e-05
1.235	1.09731e-05
1.24	1.1035e-05
1.245	1.12428e-05
1.25	1.15966e-05
1.255	1.1941e-05
1.26	1.22595e-05
1.265	1.24742e-05
1.27	1.25548e-05
1.275	1.25204e-05
1.28	1.23862e-05
1.285	1.22028e-05
1.29	1.20064e-05
1.295	1.18872e-05
1.3	1.17699e-05
1.305	1.16331e-05
1.31	1.14876e-05
1.315	1.13076e-05
1.32	1.11521e-05
1.325	1.10194e-05
1.33	1.09786e-05
1.335	1.10563e-05
1.34	1.13017e-05
1.345	1.16603e-05
1.35	1.19993e-05
1.355	1.23059e-05
1.36	1.25043e-05
1.365	1.25672e-05
1.37	1.25179e-05
1.375	1.23721e-05
1.38	1.21861e-05
1.385	1.19921e-05
1.39	1.18779e-05
1.395	1.17545e-05
1.4	1.1605e-05
1.405	1.14669e-05
1.41	1.12859e-05
1.415	1.11287e-05
1.42	1.10068e-05
1.425	1.09826e-05
1.43	1.10903e-05
1.435	1.13346e-05
1.44	1.17066e-05
1.445	1.20385e-05
1.45	1.23331e-05
1.455	1.2514e-05
1.46	1.25641e-05
1.465	1.25004e-05
1.47	1.23499e-05
1.475	1.21627e-05
1.48	1.19763e-05
1.485	1.18697e-05
1.49	1.17439e-05
1.495	1.15915e-05
1.5	1.14502e-05
1.505	1.12645e-05
1.51	1.11124e-05
1.515	1.09957e-05
1.52	1.09991e-05
1.525	1.11071e-05
1.53	1.13719e-05
1.535	1.17577e-05
1.54	1.20855e-05
1.545	1.23655e-05
1.55	1.25319e-05
1.555	1.25654e-05
1.56	1.24863e-05
1.565	1.23241e-05
1.57	1.21399e-05
1.575	1.19608e-05
1.58	1.18619e-05
1.585	1.17313e-05
1.59	1.15777e-05
1.595	1.14337e-05
1.6	1.12478e-05
1.605	1.10968e-05
1.61	1.09891e-05
1.615	1.10029e-05
1.62	1.11281e-05
1.625	1.14198e-05
1.63	1.18071e-05
1.635	1.2126e-05
1.64	1.23902e-05
1.645	1.25338e-05
1.65	1.25604e-05
1.655	1.24668e-05
1.66	1.23023e-05
1.665	1.21137e-05
1.67	1.19455e-05
1.675	1.18481e-05
1.68	1.1718e-05
1.685	1.15637e-05
1.69	1.14119e-05
1.695	1.12295e-05
1.7	1.10782e-05
1.705	1.09831e-05
1.71	1.10154e-05
1.715	1.11589e-05
1.72	1.14691e-05
1.725	1.18577e-05
1.73	1.21688e-05
1.735	1.2417e-05
1.74	1.25458e-05
1.745	1.25537e-05
1.75	1.24501e-05
1.755	1.22805e-05
1.76	1.20914e-05
1.765	1.19326e-05
1.77	1.1821e-05
1.775	1.16788e-05
1.78	1.15422e-05
1.785	1.13906e-05
1.79	1.12112e-05
1.795	1.10651e-05
1.8	1.09842e-05
1.805	1.10343e-05
1.81	1.11963e-05
1.815	1.15134e-05
1.82	1.18527e-05
1.825	1.21891e-05
1.83	1.24307e-05
1.835	1.25378e-05
1.84	1.25376e-05
1.845	1.24262e-05
1.85	1.22578e-05
1.855	1.20635e-05
1.86	1.19165e-05
1.865	1.18094e-05
1.87	1.16619e-05
1.875	1.1526e-05
1.88	1.13509e-05
1.885	1.11899e-05
1.89	1.10455e-05
1.895	1.09761e-05
1.9	1.10432e-05
1.905	1.12212e-05
1.91	1.15551e-05
1.915	1.18985e-05
1.92	1.22269e-05
1.925	1.24549e-05
1.93	1.25493e-05
1.935	1.25338e-05
1.94	1.24024e-05
1.945	1.22391e-05
1.95	1.20297e-05
1.955	1.19022e-05
1.96	1.17833e-05
1.965	1.16507e-05
1.97	1.15093e-05
1.975	1.13317e-05
1.98	1.11718e-05
1.985	1.1033e-05
1.99	1.09777e-05
1.995	1.10399e-05
2	1.12494e-05
2.005	1.16031e-05
2.01	1.19482e-05
2.015	1.22652e-05
2.02	1.24797e-05
2.025	1.25582e-05
2.03	1.25234e-05
2.035	1.2388e-05
2.04	1.22049e-05
2.045	1.20084e-05
2.05	1.18898e-05
2.055	1.17713e-05
2.06	1.16347e-05
2.065	1.14879e-05
2.07	1.13077e-05
2.075	1.1152e-05
2.08	1.10205e-05
2.085	1.09805e-05
2.09	1.10603e-05
2.095	1.13059e-05
2.1	1.16652e-05
2.105	1.20026e-05
2.11	1.23078e-05
2.115	1.25032e-05
2.12	1.25663e-05
2.125	1.25151e-05
2.13	1.23694e-05
2.135	1.21832e-05
2.14	1.19903e-05
2.145	1.18762e-05
2.15	1.17531e-05
2.155	1.1603e-05
2.16	1.14653e-05
2.165	1.12832e-05
2.17	1.11272e-05
2.175	1.10053e-05
2.18	1.0983e-05
2.185	1.10915e-05
2.19	1.13377e-05
2.195	1.17097e-05
2.2	1.20416e-05
2.205	1.23343e-05
2.21	1.25145e-05
2.215	1.25625e-05
2.22	1.24984e-05
2.225	1.23471e-05
2.23	1.21606e-05
2.235	1.1974e-05
2.24	1.18685e-05
2.245	1.17417e-05
2.25	1.15901e-05
2.255	1.14479e-05
2.26	1.12628e-05
2.265	1.11105e-05
2.27	1.09951e-05
2.275	1.09994e-05
2.28	1.11094e-05
2.285	1.13751e-05
2.29	1.17609e-05
2.295	1.20879e-05
2.3	1.23669e-05
2.305	1.25313e-05
2.31	1.25641e-05
2.315	1.24833e-05
2.32	1.23213e-05
2.325	1.21366e-05
2.33	1.19589e-05
2.335	1.186e-05
2.34	1.17297e-05
2.345	1.15754e-05
2.35	1.14319e-05
2.355	1.12457e-05
2.36	1.10956e-05
2.365	1.0988e-05
2.37	1.10043e-05
2.375	1.11301e-05
2.38	1.14236e-05
2.385	1.18098e-05
2.39	1.21289e-05
2.395	1.23909e-05
2.4	1.25339e-05
2.405	1.25581e-05
2.41	1.24645e-05
2.415	1.22988e-05
2.42	1.21111e-05
2.425	1.19433e-05
2.43	1.1847e-05
2.435	1.1693e-05
2.44	1.15558e-05
2.445	1.1406e-05
2.45	1.12261e-05
2.455	1.10765e-05
2.46	1.09827e-05
2.465	1.1016e-05
2.47	1.11616e-05
2.475	1.1471e-05
2.48	1.18614e-05
2.485	1.21697e-05
2.49	1.2418e-05
2.495	1.25448e-05
2.5	1.25518e-05
2.505	1.24473e-05
2.51	1.22788e-05
2.515	1.20893e-05
2.52	1.19319e-05
2.525	1.18201e-05
2.53	1.16784e-05
2.535	1.15408e-05
2.54	1.13891e-05
2.545	1.12098e-05
2.55	1.10646e-05
2.555	1.09845e-05
2.56	1.10367e-05
2.565	1.11996e-05
2.57	1.15183e-05
2.575	1.1857e-05
2.58	1.21929e-05
2.585	1.24323e-05
2.59	1.25389e-05
2.595	1.25366e-05
2.6	1.24248e-05
2.605	1.22556e-05
2.61	1.20616e-05
2.615	1.19151e-05
2.62	1.1809e-05
2.625	1.16606e-05
2.63	1.1525e-05
2.635	1.1349e-05
2.64	1.11886e-05
2.645	1.10441e-05
2.65	1.09766e-05
2.655	1.10447e-05
2.66	1.12249e-05
2.665	1.15593e-05
2.67	1.19036e-05
2.675	1.22301e-05
2.68	1.24572e-05
2.685	1.25496e-05
2.69	1.25286e-05
2.695	1.23999e-05
2.7	1.22374e-05
2.705	1.20278e-05
2.71	1.19012e-05
2.715	1.17817e-05
2.72	1.16487e-05
2.725	1.15061e-05
2.73	1.13299e-05
2.735	1.11697e-05
2.74	1.10322e-05
2.745	1.09777e-05
2.75	1.10419e-05
2.755	1.12526e-05
2.76	1.16075e-05
2.765	1.19519e-05
2.77	1.22684e-05
2.775	1.2481e-05
2.78	1.25586e-05
2.785	1.25218e-05
2.79	1.23889e-05
2.795	1.2205e-05
2.8	1.20075e-05
2.805	1.18882e-05
2.81	1.17706e-05
2.815	1.16333e-05
2.82	1.14866e-05
2.825	1.13053e-05
2.83	1.11506e-05
2.835	1.10184e-05
2.84	1.09815e-05
2.845	1.10625e-05
2.85	1.13105e-05
2.855	1.167e-05
2.86	1.20075e-05
2.865	1.23108e-05
2.87	1.25053e-05
2.875	1.25662e-05
2.88	1.25144e-05
2.885	1.23673e-05
2.89	1.2182e-05
2.895	1.19876e-05
2.9	1.18749e-05
2.905	1.17516e-05
2.91	1.1602e-05
2.915	1.14634e-05
2.92	1.12817e-05
2.925	1.11254e-05
2.93	1.10045e-05
2.935	1.09826e-05
2.94	1.10932e-05
2.945	1.13406e-05
2.95	1.17144e-05
2.955	1.20452e-05
2.96	1.23374e-05
2.965	1.25157e-05
2.97	1.2563e-05
2.975	1.24972e-05
2.98	1.23456e-05
2.985	1.21586e-05
2.99	1.19726e-05
2.995	1.18676e-05
3	1.17411e-05
3.005	1.15887e-05
3.01	1.14465e-05
3.015	1.12608e-05
3.02	1.11094e-05
3.025	1.09937e-05
3.03	1.09999e-05
3.035	1.11109e-05
3.04	1.13791e-05
3.045	1.1765e-05
3.05	1.20923e-05
3.055	1.23694e-05
3.06	1.25331e-05
3.065	1.25642e-05
3.07	1.24827e-05
3.075	1.23188e-05
3.08	1.21352e-05
3.085	1.19576e-05
3.09	1.18561e-05
3.095	1.17279e-05
3.1	1.15747e-05
3.105	1.14306e-05
3.11	1.12446e-05
3.115	1.10936e-05
3.12	1.09879e-05
3.125	1.10052e-05
3.13	1.11328e-05
3.135	1.14273e-05
3.14	1.18144e-05
3.145	1.21323e-05
3.15	1.23933e-05
3.155	1.25347e-05
3.16	1.25577e-05
3.165	1.24629e-05
3.17	1.22974e-05
3.175	1.21081e-05
3.18	1.19424e-05
3.185	1.1846e-05
3.19	1.16926e-05
3.195	1.15545e-05
3.2	1.14047e-05
3.205	1.12245e-05
3.21	1.10759e-05
3.215	1.09819e-05
3.22	1.10179e-05
3.225	1.11645e-05
3.23	1.14757e-05
3.235	1.18656e-05
3.24	1.21735e-05
3.245	1.24197e-05
3.25	1.25461e-05
3.255	1.25508e-05
3.26	1.24462e-05
3.265	1.22767e-05
3.27	1.20881e-05
3.275	1.19307e-05
3.28	1.18198e-05
3.285	1.16772e-05
3.29	1.15397e-05
3.295	1.13865e-05
3.3	1.12088e-05
3.305	1.10636e-05
3.31	1.09852e-05
3.315	1.10483e-05
3.32	1.12093e-05
3.325	1.15248e-05
3.33	1.18628e-05
3.335	1.21965e-05
3.34	1.2436e-05
3.345	1.25405e-05
3.35	1.25374e-05
3.355	1.2424e-05
3.36	1.22548e-05
3.365	1.20604e-05
3.37	1.19153e-05
3.375	1.18083e-05
3.38	1.16603e-05
3.385	1.15239e-05
3.39	1.13477e-05
3.395	1.11863e-05
3.4	1.10428e-05
3.405	1.09763e-05
3.41	1.10464e-05
3.415	1.12269e-05
3.42	1.15645e-05
3.425	1.19083e-05
3.43	1.22348e-05
3.435	1.24602e-05
3.44	1.25519e-05
3.445	1.25294e-05
3.45	1.24005e-05
3.455	1.22363e-05
3.46	1.20273e-05
3.465	1.19002e-05
3.47	1.17808e-05
3.475	1.16467e-05
3.48	1.15049e-05
3.485	1.13274e-05
3.49	1.11682e-05
3.495	1.10304e-05
3.5	1.09773e-05
3.505	1.10421e-05
3.51	1.12552e-05
3.515	1.16106e-05
3.52	1.19558e-05
3.525	1.22712e-05
3.53	1.2483e-05
3.535	1.25591e-05
3.54	1.2522e-05
3.545	1.23879e-05
3.55	1.22033e-05
3.555	1.20062e-05
3.56	1.18879e-05
3.565	1.17694e-05
3.57	1.16326e-05
3.575	1.14851e-05
3.58	1.13041e-05
3.585	1.1147e-05
3.59	1.10174e-05
3.595	1.09808e-05
3.6	1.10639e-05
3.605	1.13128e-05
3.61	1.16741e-05
3.615	1.20105e-05
3.62	1.23139e-05
3.625	1.25066e-05
3.63	1.25671e-05
3.635	1.25135e-05
3.64	1.23664e-05
3.645	1.21786e-05
3.65	1.19868e-05
3.655	1.18739e-05
3.66	1.17507e-05
3.665	1.16006e-05
3.67	1.14624e-05
3.675	1.12797e-05
3.68	1.11242e-05
3.685	1.10029e-05
3.69	1.09827e-05
3.695	1.10938e-05
3.7	1.13435e-05
3.705	1.17177e-05
3.71	1.2049e-05
3.715	1.23398e-05
3.72	1.25176e-05
3.725	1.25631e-05
3.73	1.24935e-05
3.735	1.23439e-05
3.74	1.2157e-05
3.745	1.19715e-05
3.75	1.18677e-05
3.755	1.17398e-05
3.76	1.15874e-05
3.765	1.1445e-05
3.77	1.12598e-05
3.775	1.11079e-05
3.78	1.09933e-05
3.785	1.09999e-05
3.79	1.11126e-05
3.795	1.13813e-05
3.8	1.17682e-05
3.805	1.20944e-05
3.81	1.23712e-05
3.815	1.25332e-05
3.82	1.2564e-05
3.825	1.2481e-05
3.83	1.23174e-05
3.835	1.21336e-05
3.84	1.19573e-05
3.845	1.1856e-05
3.85	1.17284e-05
3.855	1.15746e-05
3.86	1.14307e-05
3.865	1.12441e-05
3.87	1.10935e-05
3.875	1.09876e-05
3.88	1.10067e-05
3.885	1.11351e-05
3.89	1.14319e-05
3.895	1.18186e-05
3.9	1.2137e-05
3.905	1.23968e-05
3.91	1.2538e-05
3.915	1.25585e-05
3.92	1.2464e-05
3.925	1.22973e-05
3.93	1.21083e-05
3.935	1.19422e-05
3.94	1.18456e-05
3.945	1.16918e-05
3.95	1.15544e-05
3.955	1.14034e-05
3.96	1.12236e-05
3.965	1.10744e-05
3.97	1.09937e-05
3.975	1.10393e-05
3.98	1.11745e-05
3.985	1.14833e-05
3.99	1.18755e-05
3.995	1.21824e-05
4	1.24276e-05
4.005	1.25517e-05
4.01	1.25554e-05
4.015	1.24488e-05
4.02	1.22792e-05
4.025	1.20894e-05
4.03	1.19329e-05
4.035	1.18212e-05
4.04	1.1679e-05
4.045	1.15401e-05
4.05	1.13866e-05
4.055	1.1208e-05
4.06	1.10636e-05
4.065	1.09854e-05
4.07	1.10505e-05
4.075	1.12117e-05
4.08	1.15289e-05
4.085	1.18666e-05
4.09	1.2201e-05
4.095	1.24393e-05
4.1	1.25441e-05
4.105	1.25397e-05
4.11	1.24258e-05
4.115	1.22554e-05
4.12	1.20608e-05
4.125	1.19149e-05
4.13	1.18082e-05
4.135	1.16594e-05
4.14	1.15234e-05
4.145	1.13464e-05
4.15	1.11854e-05
4.155	1.1041e-05
4.16	1.09748e-05
4.165	1.10449e-05
4.17	1.1227e-05
4.175	1.15653e-05
4.18	1.191e-05
4.185	1.22365e-05
4.19	1.24623e-05
4.195	1.2553e-05
4.2	1.25305e-05
4.205	1.24005e-05
4.21	1.22363e-05
4.215	1.20262e-05
4.22	1.18999e-05
4.225	1.17799e-05
4.23	1.16464e-05
4.235	1.1504e-05
4.24	1.1327e-05
4.245	1.11666e-05
4.25	1.10293e-05
4.255	1.09755e-05
4.26	1.10412e-05
4.265	1.1255e-05
4.27	1.16123e-05
4.275	1.19574e-05
4.28	1.22735e-05
4.285	1.24845e-05
4.29	1.25608e-05
4.295	1.25223e-05
4.3	1.23886e-05
4.305	1.22029e-05
4.31	1.20063e-05
4.315	1.18873e-05
4.32	1.17692e-05
4.325	1.16318e-05
4.33	1.14849e-05
4.335	1.1303e-05
4.34	1.11463e-05
4.345	1.10157e-05
4.35	1.09798e-05
4.355	1.10627e-05
4.36	1.13131e-05
4.365	1.16747e-05
4.37	1.20122e-05
4.375	1.23149e-05
4.38	1.2508e-05
4.385	1.25674e-05
4.39	1.2514e-05
4.395	1.23661e-05
4.4	1.21787e-05
4.405	1.19867e-05
4.41	1.18746e-05
4.415	1.17505e-05
4.42	1.16011e-05
4.425	1.14621e-05
4.43	1.12799e-05
4.435	1.11237e-05
4.44	1.10031e-05
4.445	1.09825e-05
4.45	1.10843e-05
4.455	1.13364e-05
4.46	1.17145e-05
4.465	1.20458e-05
4.47	1.23372e-05
4.475	1.25144e-05
4.48	1.25602e-05
4.485	1.24906e-05
4.49	1.23382e-05
4.495	1.21546e-05
4.5	1.19714e-05
4.505	1.1868e-05
4.51	1.17412e-05
4.515	1.15885e-05
4.52	1.14471e-05
4.525	1.12611e-05
4.53	1.11095e-05
4.535	1.09937e-05
4.54	1.10011e-05
4.545	1.11137e-05
4.55	1.13893e-05
4.555	1.17724e-05
4.56	1.20985e-05
4.565	1.2374e-05
4.57	1.25361e-05
4.575	1.25656e-05
4.58	1.24829e-05
4.585	1.23186e-05
4.59	1.21352e-05
4.595	1.19585e-05
4.6	1.18577e-05
4.605	1.17291e-05
4.61	1.15754e-05
4.615	1.14305e-05
4.62	1.12444e-05
4.625	1.10932e-05
4.63	1.09883e-05
4.635	1.10075e-05
4.64	1.11371e-05
4.645	1.14337e-05
4.65	1.1821e-05
4.655	1.21383e-05
4.66	1.23979e-05
4.665	1.25377e-05
4.67	1.25585e-05
4.675	1.2463e-05
4.68	1.22968e-05
4.685	1.21074e-05
4.69	1.19423e-05
4.695	1.18452e-05
4.7	1.16919e-05
4.705	1.15536e-05
4.71	1.14032e-05
4.715	1.12228e-05
4.72	1.10746e-05
4.725	1.09938e-05
4.73	1.10408e-05
4.735	1.11761e-05
4.74	1.14856e-05
4.745	1.1877e-05
4.75	1.2184e-05
4.755	1.24278e-05
4.76	1.2552e-05
4.765	1.25545e-05
4.77	1.2448e-05
4.775	1.22779e-05
4.78	1.2089e-05
4.785	1.19321e-05
4.79	1.18214e-05
4.795	1.16784e-05
4.8	1.154e-05
4.805	1.13858e-05
4.81	1.12079e-05
4.815	1.10634e-05
4.82	1.09866e-05
4.825	1.10519e-05
4.83	1.12143e-05
4.835	1.15308e-05
4.84	1.18685e-05
4.845	1.22016e-05
4.85	1.24396e-05
4.855	1.25434e-05
4.86	1.25393e-05
4.865	1.24243e-05
4.87	1.22546e-05
4.875	1.20593e-05
4.88	1.19143e-05
4.885	1.1807e-05
4.89	1.1659e-05
4.895	1.15223e-05
4.9	1.13459e-05
4.905	1.11845e-05
4.91	1.10411e-05
4.915	1.09749e-05
4.92	1.10408e-05
4.925	1.12276e-05
4.93	1.15678e-05
4.935	1.1912e-05
4.94	1.22387e-05
4.945	1.24632e-05
4.95	1.25539e-05
4.955	1.25301e-05
4.96	1.24e-05
4.965	1.22346e-05
4.97	1.20251e-05
4.975	1.18979e-05
4.98	1.17786e-05
4.985	1.16442e-05
4.99	1.15025e-05
4.995	1.13245e-05
5	1.11654e-05
5.005	1.1028e-05
5.01	1.09756e-05
5.015	1.10413e-05
5.02	1.12562e-05
5.025	1.16128e-05
5.03	1.1958e-05
5.035	1.22728e-05
5.04	1.24838e-05
5.045	1.25589e-05
5.05	1.25205e-05
5.055	1.23859e-05
5.06	1.22009e-05
5.065	1.20041e-05
5.07	1.18864e-05
5.075	1.17677e-05
5.08	1.1631e-05
5.085	1.14834e-05
5.09	1.13022e-05
5.095	1.11451e-05
5.1	1.10155e-05
5.105	1.09796e-05
5.11	1.1064e-05
5.115	1.13144e-05
5.12	1.16766e-05
5.125	1.20133e-05
5.13	1.23159e-05
5.135	1.25078e-05
5.14	1.25673e-05
5.145	1.25127e-05
5.15	1.23651e-05
5.155	1.2177e-05
5.16	1.19858e-05
5.165	1.18735e-05
5.17	1.175e-05
5.175	1.15999e-05
5.18	1.14615e-05
5.185	1.12785e-05
5.19	1.11231e-05
5.195	1.10019e-05
5.2	1.09927e-05
5.205	1.10885e-05
5.21	1.1339e-05
5.215	1.17184e-05
5.22	1.20508e-05
5.225	1.23408e-05
5.23	1.2518e-05
5.235	1.25623e-05
5.24	1.24925e-05
5.245	1.2339e-05
5.25	1.21556e-05
5.255	1.19716e-05
5.26	1.1869e-05
5.265	1.17413e-05
5.27	1.1588e-05
5.275	1.14464e-05
5.28	1.1261e-05
5.285	1.11087e-05
5.29	1.09939e-05
5.295	1.10012e-05
5.3	1.11151e-05
5.305	1.13908e-05
5.31	1.17749e-05
5.315	1.21003e-05
5.32	1.23762e-05
5.325	1.25374e-05
5.33	1.2567e-05
5.335	1.24832e-05
5.34	1.23191e-05
5.345	1.21347e-05
5.35	1.19586e-05
5.355	1.18572e-05
5.36	1.17284e-05
5.365	1.15747e-05
5.37	1.14267e-05
5.375	1.12432e-05
5.38	1.10926e-05
5.385	1.09872e-05
5.39	1.10075e-05
5.395	1.11368e-05
5.4	1.14348e-05
5.405	1.18219e-05
5.41	1.21398e-05
5.415	1.23987e-05
5.42	1.25388e-05
5.425	1.25586e-05
5.43	1.24632e-05
5.435	1.22963e-05
5.44	1.21073e-05
5.445	1.19417e-05
5.45	1.18454e-05
5.455	1.16914e-05
5.46	1.15537e-05
5.465	1.14025e-05
5.47	1.12227e-05
5.475	1.10738e-05
5.48	1.09936e-05
5.485	1.10402e-05
5.49	1.11767e-05
5.495	1.14862e-05
5.5	1.18785e-05
5.505	1.21848e-05
5.51	1.24291e-05
5.515	1.25524e-05
5.52	1.25551e-05
5.525	1.24477e-05
5.53	1.2278e-05
5.535	1.20883e-05
5.54	1.19321e-05
5.545	1.18208e-05
5.55	1.16784e-05
5.555	1.15393e-05
5.56	1.13856e-05
5.565	1.1207e-05
5.57	1.10629e-05
5.575	1.09851e-05
5.58	1.10519e-05
5.585	1.12141e-05
5.59	1.15319e-05
5.595	1.18692e-05
5.6	1.22028e-05
5.605	1.24397e-05
5.61	1.25439e-05
5.615	1.25391e-05
5.62	1.24245e-05
5.625	1.2254e-05
5.63	1.20593e-05
5.635	1.19139e-05
5.64	1.18073e-05
5.645	1.16586e-05
5.65	1.15226e-05
5.655	1.13453e-05
5.66	1.11845e-05
5.665	1.10405e-05
5.67	1.0975e-05
5.675	1.10405e-05
5.68	1.12283e-05
5.685	1.15682e-05
5.69	1.1913e-05
5.695	1.22389e-05
5.7	1.24639e-05
5.705	1.25537e-05
5.71	1.25304e-05
5.715	1.23997e-05
5.72	1.22351e-05
5.725	1.20252e-05
5.73	1.18989e-05
5.735	1.1779e-05
5.74	1.16452e-05
5.745	1.15028e-05
5.75	1.13253e-05
5.755	1.11654e-05
5.76	1.10286e-05
5.765	1.09757e-05
5.77	1.10425e-05
5.775	1.12573e-05
5.78	1.16151e-05
5.785	1.19598e-05
5.79	1.22752e-05
5.795	1.2485e-05
5.8	1.25606e-05
5.805	1.25213e-05
5.81	1.23871e-05
5.815	1.22012e-05
5.82	1.20051e-05
5.825	1.18866e-05
5.83	1.17683e-05
5.835	1.16308e-05
5.84	1.14836e-05
5.845	1.13016e-05
5.85	1.11451e-05
5.855	1.1015e-05
5.86	1.098e-05
5.865	1.10642e-05
5.87	1.13156e-05
5.875	1.16774e-05
5.88	1.20146e-05
5.885	1.23163e-05
5.89	1.25085e-05
5.895	1.25671e-05
5.9	1.25119e-05
5.905	1.23641e-05
5.91	1.21768e-05
5.915	1.19852e-05
5.92	1.18737e-05
5.925	1.17495e-05
5.93	1.16001e-05
5.935	1.1461e-05
5.94	1.12786e-05
5.945	1.11225e-05
5.95	1.10021e-05
5.955	1.09923e-05
5.96	1.10893e-05
5.965	1.13396e-05
5.97	1.17198e-05
5.975	1.20515e-05
5.98	1.23418e-05
5.985	1.2518e-05
5.99	1.25627e-05
5.995	1.24921e-05
6	1.23389e-05
6.005	1.21549e-05
6.01	1.19718e-05
6.015	1.18686e-05
6.02	1.17417e-05
6.025	1.15876e-05
6.03	1.14465e-05
6.035	1.12604e-05
6.04	1.11087e-05
6.045	1.09935e-05
6.05	1.10018e-05
6.055	1.11153e-05
6.06	1.13919e-05
6.065	1.17755e-05
6.07	1.21013e-05
6.075	1.23764e-05
6.08	1.25379e-05
6.085	1.25666e-05
6.09	1.24828e-05
6.095	1.23183e-05
6.1	1.21341e-05
6.105	1.19579e-05
6.11	1.18574e-05
6.115	1.17278e-05
6.12	1.15748e-05
6.125	1.14261e-05
6.13	1.12432e-05
6.135	1.1092e-05
6.14	1.09874e-05
6.145	1.10075e-05
6.15	1.11377e-05
6.155	1.14354e-05
6.16	1.18227e-05
6.165	1.21402e-05
6.17	1.23994e-05
6.175	1.25386e-05
6.18	1.25587e-05
6.185	1.24625e-05
6.19	1.22962e-05
6.195	1.21066e-05
6.2	1.19419e-05
6.205	1.1845e-05
6.21	1.16916e-05
6.215	1.15531e-05
6.22	1.14026e-05
6.225	1.12221e-05
6.23	1.10739e-05
6.235	1.09932e-05
6.24	1.10409e-05
6.245	1.1177e-05
6.25	1.14876e-05
6.255	1.18788e-05
6.26	1.21859e-05
6.265	1.24292e-05
6.27	1.25529e-05
6.275	1.25545e-05
6.28	1.24455e-05
6.285	1.22773e-05
6.29	1.2088e-05
6.295	1.19315e-05
6.3	1.18209e-05
6.305	1.16778e-05
6.31	1.15393e-05
6.315	1.13849e-05
6.32	1.12069e-05
6.325	1.10622e-05
6.33	1.09854e-05
6.335	1.10518e-05
6.34	1.1215e-05
6.345	1.15325e-05
6.35	1.18704e-05
6.355	1.22032e-05
6.36	1.24405e-05
6.365	1.25438e-05
6.37	1.25393e-05
6.375	1.24139e-05
6.38	1.22539e-05
6.385	1.2057e-05
6.39	1.19144e-05
6.395	1.1806e-05
6.4	1.16579e-05
6.405	1.15207e-05
6.41	1.13442e-05
6.415	1.11828e-05
6.42	1.10398e-05
6.425	1.09745e-05
6.43	1.10411e-05
6.435	1.12289e-05
6.44	1.15698e-05
6.445	1.19141e-05
6.45	1.22404e-05
6.455	1.24644e-05
6.46	1.25545e-05
6.465	1.25303e-05
6.47	1.24001e-05
6.475	1.22198e-05
6.48	1.20208e-05
6.485	1.18957e-05
6.49	1.1778e-05
6.495	1.16443e-05
6.5	1.15035e-05
6.505	1.13248e-05
6.51	1.11646e-05
6.515	1.10271e-05
6.52	1.09754e-05
6.525	1.10421e-05
6.53	1.12581e-05
6.535	1.16155e-05
6.54	1.19609e-05
6.545	1.22754e-05
6.55	1.24855e-05
6.555	1.25599e-05
6.56	1.25209e-05
6.565	1.23858e-05
6.57	1.22005e-05
6.575	1.20039e-05
6.58	1.18863e-05
6.585	1.17673e-05
6.59	1.16306e-05
6.595	1.14829e-05
6.6	1.13016e-05
6.605	1.11447e-05
6.61	1.10151e-05
6.615	1.09801e-05
6.62	1.10756e-05
6.625	1.13235e-05
6.63	1.16828e-05
6.635	1.20182e-05
6.64	1.232e-05
6.645	1.25109e-05
6.65	1.25693e-05
6.655	1.25132e-05
6.66	1.23658e-05
6.665	1.21778e-05
6.67	1.1987e-05
6.675	1.18748e-05
6.68	1.17511e-05
6.685	1.16008e-05
6.69	1.14617e-05
6.695	1.12783e-05
6.7	1.11228e-05
6.705	1.10023e-05
6.71	1.09936e-05
6.715	1.10904e-05
6.72	1.13415e-05
6.725	1.17214e-05
6.73	1.20536e-05
6.735	1.23434e-05
6.74	1.25202e-05
6.745	1.25639e-05
6.75	1.24936e-05
6.755	1.23394e-05
6.76	1.21556e-05
6.765	1.19715e-05
6.77	1.18688e-05
6.775	1.17412e-05
6.78	1.15877e-05
6.785	1.14459e-05
6.79	1.12603e-05
6.795	1.11079e-05
6.8	1.09933e-05
6.805	1.10011e-05
6.81	1.11153e-05
6.815	1.13917e-05
6.82	1.17763e-05
6.825	1.21016e-05
6.83	1.23773e-05
6.835	1.25381e-05
6.84	1.25673e-05
6.845	1.24828e-05
6.85	1.23188e-05
6.855	1.21339e-05
6.86	1.19582e-05
6.865	1.18565e-05
6.87	1.1728e-05
6.875	1.15744e-05
6.88	1.14264e-05
6.885	1.12428e-05
6.89	1.10921e-05
6.895	1.09867e-05
6.9	1.10075e-05
6.905	1.11373e-05
6.91	1.14359e-05
6.915	1.18228e-05
6.92	1.2141e-05
6.925	1.23995e-05
6.93	1.25394e-05
6.935	1.25587e-05
6.94	1.2463e-05
6.945	1.22959e-05
6.95	1.21068e-05
6.955	1.19415e-05
6.96	1.18452e-05
6.965	1.16912e-05
6.97	1.15533e-05
6.975	1.14021e-05
6.98	1.12222e-05
6.985	1.10733e-05
6.99	1.09931e-05
6.995	1.10401e-05
7	1.11771e-05
7.005	1.14873e-05
7.01	1.18795e-05
7.015	1.2186e-05
7.02	1.24299e-05
7.025	1.2553e-05
7.03	1.2555e-05
7.035	1.24453e-05
7.04	1.22777e-05
7.045	1.20878e-05
7.05	1.1932e-05
7.055	1.18207e-05
7.06	1.16782e-05
7.065	1.1539e-05
7.07	1.13851e-05
7.075	1.12064e-05
7.08	1.10623e-05
7.085	1.09848e-05
7.09	1.10519e-05
7.095	1.12144e-05
7.1	1.15324e-05
7.105	1.18696e-05
7.11	1.2203e-05
7.115	1.24396e-05
7.12	1.25436e-05
7.125	1.25386e-05
7.13	1.2414e-05
7.135	1.22535e-05
7.14	1.20577e-05
7.145	1.19149e-05
7.15	1.18074e-05
7.155	1.16588e-05
7.16	1.15222e-05
7.165	1.13448e-05
7.17	1.11839e-05
7.175	1.104e-05
7.18	1.09753e-05
7.185	1.10396e-05
7.19	1.12298e-05
7.195	1.15709e-05
7.2	1.19162e-05
7.205	1.22421e-05
7.21	1.24668e-05
7.215	1.25562e-05
7.22	1.25325e-05
7.225	1.24014e-05
7.23	1.22216e-05
7.235	1.20218e-05
7.24	1.1897e-05
7.245	1.17785e-05
7.25	1.16451e-05
7.255	1.15035e-05
7.26	1.13253e-05
7.265	1.11643e-05
7.27	1.10273e-05
7.275	1.09753e-05
7.28	1.10431e-05
7.285	1.1258e-05
7.29	1.16161e-05
7.295	1.1961e-05
7.3	1.22757e-05
7.305	1.24854e-05
7.31	1.25604e-05
7.315	1.25206e-05
7.32	1.23861e-05
7.325	1.22002e-05
7.33	1.20044e-05
7.335	1.18859e-05
7.34	1.17678e-05
7.345	1.16303e-05
7.35	1.14832e-05
7.355	1.13012e-05
7.36	1.11449e-05
7.365	1.10148e-05
7.37	1.09805e-05
7.375	1.10756e-05
7.38	1.13242e-05
7.385	1.1683e-05
7.39	1.20189e-05
7.395	1.23199e-05
7.4	1.25114e-05
7.405	1.25691e-05
7.41	1.25135e-05
7.415	1.23654e-05
7.42	1.21781e-05
7.425	1.19866e-05
7.43	1.18751e-05
7.435	1.17506e-05
7.44	1.1601e-05
7.445	1.14612e-05
7.45	1.12784e-05
7.455	1.11223e-05
7.46	1.10024e-05
7.465	1.09931e-05
7.47	1.10902e-05
7.475	1.13413e-05
7.48	1.1722e-05
7.485	1.20536e-05
7.49	1.2344e-05
7.495	1.25201e-05
7.5	1.25643e-05
7.505	1.24934e-05
7.51	1.23398e-05
7.515	1.21553e-05
7.52	1.19719e-05
7.525	1.18686e-05
7.53	1.17416e-05
7.535	1.15874e-05
7.54	1.14462e-05
7.545	1.126e-05
7.55	1.11082e-05
7.555	1.0993e-05
7.56	1.10015e-05
7.565	1.11153e-05
7.57	1.13924e-05
7.575	1.17764e-05
7.58	1.21023e-05
7.585	1.23773e-05
7.59	1.25386e-05
7.595	1.2567e-05
7.6	1.24831e-05
7.605	1.23184e-05
7.61	1.21341e-05
7.615	1.19578e-05
7.62	1.18568e-05
7.625	1.17276e-05
7.63	1.15746e-05
7.635	1.14259e-05
7.64	1.1243e-05
7.645	1.10917e-05
7.65	1.0987e-05
7.655	1.10072e-05
7.66	1.11378e-05
7.665	1.14359e-05
7.67	1.18236e-05
7.675	1.2141e-05
7.68	1.24001e-05
7.685	1.25393e-05
7.69	1.25591e-05
7.695	1.24627e-05
7.7	1.22962e-05
7.705	1.21064e-05
7.71	1.19418e-05
7.715	1.18449e-05
7.72	1.16915e-05
7.725	1.1553e-05
7.73	1.14023e-05
7.735	1.12218e-05
7.74	1.10735e-05
7.745	1.09928e-05
7.75	1.10405e-05
7.755	1.1177e-05
7.76	1.14841e-05
7.765	1.18787e-05
7.77	1.21864e-05
7.775	1.24297e-05
7.78	1.25534e-05
7.785	1.25547e-05
7.79	1.24455e-05
7.795	1.22773e-05
7.8	1.2088e-05
7.805	1.19315e-05
7.81	1.18209e-05
7.815	1.16753e-05
7.82	1.15389e-05
7.825	1.13845e-05
7.83	1.12065e-05
7.835	1.10618e-05
7.84	1.09847e-05
7.845	1.10517e-05
7.85	1.12148e-05
7.855	1.15324e-05
7.86	1.18702e-05
7.865	1.22029e-05
7.87	1.24401e-05
7.875	1.25434e-05
7.88	1.25389e-05
7.885	1.24136e-05
7.89	1.22527e-05
7.895	1.20574e-05
7.9	1.19151e-05
7.905	1.18071e-05
7.91	1.1659e-05
7.915	1.15218e-05
7.92	1.1345e-05
7.925	1.11834e-05
7.93	1.10403e-05
7.935	1.09749e-05
7.94	1.104e-05
7.945	1.12298e-05
7.95	1.15716e-05
7.955	1.19162e-05
7.96	1.22426e-05
7.965	1.24666e-05
7.97	1.25566e-05
7.975	1.25321e-05
7.98	1.24016e-05
7.985	1.2221e-05
7.99	1.2022e-05
7.995	1.18966e-05
8	1.17787e-05
8.005	1.16446e-05
8.01	1.15037e-05
8.015	1.13248e-05
8.02	1.11645e-05
8.025	1.10267e-05
8.03	1.09753e-05
8.035	1.10426e-05
8.04	1.12584e-05
8.045	1.16161e-05
8.05	1.19617e-05
8.055	1.22758e-05
8.06	1.24862e-05
8.065	1.25605e-05
8.07	1.25211e-05
8.075	1.23859e-05
8.08	1.22006e-05
8.085	1.20043e-05
8.09	1.18862e-05
8.095	1.17673e-05
8.1	1.16305e-05
8.105	1.14827e-05
8.11	1.13013e-05
8.115	1.11443e-05
8.12	1.10148e-05
8.125	1.09799e-05
8.13	1.10757e-05
8.135	1.1324e-05
8.14	1.16838e-05
8.145	1.20192e-05
8.15	1.23208e-05
8.155	1.25117e-05
8.16	1.25698e-05
8.165	1.25136e-05
8.17	1.2366e-05
8.175	1.2178e-05
8.18	1.19871e-05
8.185	1.18749e-05
8.19	1.1751e-05
8.195	1.16006e-05
8.2	1.14613e-05
8.205	1.12779e-05
8.21	1.11224e-05
8.215	1.10019e-05
8.22	1.09934e-05
8.225	1.109e-05
8.23	1.13419e-05
8.235	1.17221e-05
8.24	1.20544e-05
8.245	1.2344e-05
8.25	1.25206e-05
8.255	1.25641e-05
8.26	1.24938e-05
8.265	1.23394e-05
8.27	1.21556e-05
8.275	1.19716e-05
8.28	1.18689e-05
8.285	1.17412e-05
8.29	1.15876e-05
8.295	1.14457e-05
8.3	1.12601e-05
8.305	1.11078e-05
8.31	1.09933e-05
8.315	1.10013e-05
8.32	1.11158e-05
8.325	1.13924e-05
8.33	1.17772e-05
8.335	1.21023e-05
8.34	1.23778e-05
8.345	1.25384e-05
8.35	1.25673e-05
8.355	1.24825e-05
8.36	1.23186e-05
8.365	1.21337e-05
8.37	1.1958e-05
8.375	1.18565e-05
8.38	1.17279e-05
8.385	1.15743e-05
8.39	1.14262e-05
8.395	1.12426e-05
8.4	1.10919e-05
8.405	1.09866e-05
8.41	1.10077e-05
8.415	1.11377e-05
8.42	1.14366e-05
8.425	1.18236e-05
8.43	1.21416e-05
8.435	1.24e-05
8.44	1.25397e-05
8.445	1.25588e-05
8.45	1.2463e-05
8.455	1.22957e-05
8.46	1.21067e-05
8.465	1.19414e-05
8.47	1.18452e-05
8.475	1.16911e-05
8.48	1.15532e-05
8.485	1.14019e-05
8.49	1.1222e-05
8.495	1.10731e-05
8.5	1.09932e-05
8.505	1.10403e-05
8.51	1.11775e-05
8.515	1.14841e-05
8.52	1.18793e-05
8.525	1.21863e-05
8.53	1.24302e-05
8.535	1.25531e-05
8.54	1.2555e-05
8.545	1.24452e-05
8.55	1.22775e-05
8.555	1.20872e-05
8.56	1.19316e-05
8.565	1.18205e-05
8.57	1.16755e-05
8.575	1.15385e-05
8.58	1.13848e-05
8.585	1.12061e-05
8.59	1.10621e-05
8.595	1.09845e-05
8.6	1.10522e-05
8.605	1.12148e-05
8.61	1.1533e-05
8.615	1.18702e-05
8.62	1.22034e-05
8.625	1.24398e-05
8.63	1.25437e-05
8.635	1.25385e-05
8.64	1.24138e-05
8.645	1.22522e-05
8.65	1.20576e-05
8.655	1.19147e-05
8.66	1.18073e-05
8.665	1.16586e-05
8.67	1.15221e-05
8.675	1.13446e-05
8.68	1.11837e-05
8.685	1.10399e-05
8.69	1.09753e-05
8.695	1.10399e-05
8.7	1.12304e-05
8.705	1.15717e-05
8.71	1.19169e-05
8.715	1.22426e-05
8.72	1.24671e-05
8.725	1.25563e-05
8.73	1.25324e-05
8.735	1.24012e-05
8.74	1.22212e-05
8.745	1.20216e-05
8.75	1.18968e-05
8.755	1.17783e-05
8.76	1.16448e-05
8.765	1.15033e-05
8.77	1.1325e-05
8.775	1.1164e-05
8.78	1.1027e-05
8.785	1.09751e-05
8.79	1.1043e-05
8.795	1.12584e-05
8.8	1.16169e-05
8.805	1.19617e-05
8.81	1.22763e-05
8.815	1.24858e-05
8.82	1.25608e-05
8.825	1.25208e-05
8.83	1.23861e-05
8.835	1.22001e-05
8.84	1.20042e-05
8.845	1.18857e-05
8.85	1.17675e-05
8.855	1.16301e-05
8.86	1.1483e-05
8.865	1.13008e-05
8.87	1.11446e-05
8.875	1.10144e-05
8.88	1.09802e-05
8.885	1.10756e-05
8.89	1.13247e-05
8.895	1.16838e-05
8.9	1.20195e-05
8.905	1.23207e-05
8.91	1.25121e-05
8.915	1.25694e-05
8.92	1.25139e-05
8.925	1.23656e-05
8.93	1.21782e-05
8.935	1.19863e-05
8.94	1.18752e-05
8.945	1.17506e-05
8.95	1.16006e-05
8.955	1.14609e-05
8.96	1.12781e-05
8.965	1.1122e-05
8.97	1.10022e-05
8.975	1.09932e-05
8.98	1.10905e-05
8.985	1.13419e-05
8.99	1.17228e-05
8.995	1.20543e-05
9	1.23445e-05
9.005	1.25204e-05
9.01	1.25644e-05
9.015	1.24933e-05
9.02	1.23396e-05
9.025	1.21551e-05
9.03	1.19717e-05
9.035	1.18685e-05
9.04	1.17414e-05
9.045	1.15872e-05
9.05	1.14459e-05
9.055	1.12597e-05
9.06	1.11079e-05
9.065	1.09928e-05
9.07	1.10017e-05
9.075	1.11156e-05
9.08	1.1393e-05
9.085	1.17773e-05
9.09	1.21029e-05
9.095	1.23778e-05
9.1	1.25388e-05
9.105	1.2567e-05
9.11	1.24827e-05
9.115	1.23181e-05
9.12	1.21338e-05
9.125	1.19576e-05
9.13	1.18568e-05
9.135	1.17275e-05
9.14	1.15745e-05
9.145	1.14258e-05
9.15	1.12429e-05
9.155	1.10915e-05
9.16	1.09869e-05
9.165	1.10074e-05
9.17	1.11382e-05
9.175	1.14366e-05
9.18	1.18244e-05
9.185	1.21416e-05
9.19	1.24005e-05
9.195	1.25395e-05
9.2	1.25591e-05
9.205	1.24625e-05
9.21	1.22959e-05
9.215	1.21062e-05
9.22	1.19417e-05
9.225	1.18449e-05
9.23	1.16914e-05
9.235	1.15528e-05
9.24	1.14022e-05
9.245	1.12216e-05
9.25	1.10734e-05
9.255	1.09928e-05
9.26	1.10408e-05
9.265	1.11775e-05
9.27	1.14848e-05
9.275	1.18793e-05
9.28	1.21869e-05
9.285	1.24298e-05
9.29	1.25535e-05
9.295	1.25546e-05
9.3	1.24454e-05
9.305	1.2277e-05
9.31	1.20873e-05
9.315	1.19312e-05
9.32	1.18207e-05
9.325	1.16751e-05
9.33	1.15388e-05
9.335	1.13844e-05
9.34	1.12063e-05
9.345	1.10618e-05
9.35	1.09849e-05
9.355	1.1052e-05
9.36	1.12154e-05
9.365	1.15331e-05
9.37	1.18709e-05
9.375	1.22034e-05
9.38	1.24403e-05
9.385	1.25434e-05
9.39	1.25388e-05
9.395	1.24133e-05
9.4	1.22524e-05
9.405	1.20571e-05
9.41	1.1915e-05
9.415	1.1807e-05
9.42	1.16589e-05
9.425	1.15217e-05
9.43	1.13448e-05
9.435	1.11832e-05
9.44	1.10402e-05
9.445	1.0975e-05
9.45	1.10404e-05
9.455	1.12304e-05
9.46	1.15723e-05
9.465	1.19169e-05
9.47	1.22431e-05
9.475	1.24669e-05
9.48	1.25567e-05
9.485	1.2532e-05
9.49	1.24014e-05
9.495	1.22208e-05
9.5	1.20217e-05
9.505	1.18964e-05
9.51	1.17785e-05
9.515	1.16444e-05
9.52	1.15029e-05
9.525	1.13246e-05
9.53	1.11642e-05
9.535	1.10265e-05
9.54	1.09755e-05
9.545	1.10429e-05
9.55	1.12589e-05
9.555	1.16169e-05
9.56	1.19623e-05
9.565	1.22762e-05
9.57	1.24863e-05
9.575	1.25605e-05
9.58	1.2521e-05
9.585	1.23856e-05
9.59	1.22003e-05
9.595	1.20042e-05
9.6	1.18862e-05
9.605	1.17672e-05
9.61	1.16156e-05
9.615	1.14783e-05
9.62	1.12988e-05
9.625	1.11435e-05
9.63	1.10144e-05
9.635	1.09801e-05
9.64	1.10758e-05
9.645	1.13242e-05
9.65	1.16841e-05
9.655	1.20193e-05
9.66	1.23211e-05
9.665	1.25118e-05
9.67	1.25695e-05
9.675	1.25131e-05
9.68	1.23655e-05
9.685	1.21773e-05
9.69	1.19861e-05
9.695	1.18744e-05
9.7	1.17502e-05
9.705	1.15993e-05
9.71	1.146e-05
9.715	1.12763e-05
9.72	1.11208e-05
9.725	1.10005e-05
9.73	1.09928e-05
9.735	1.10903e-05
9.74	1.13428e-05
9.745	1.17234e-05
9.75	1.20557e-05
9.755	1.23451e-05
9.76	1.25211e-05
9.765	1.25647e-05
9.77	1.24942e-05
9.775	1.23398e-05
9.78	1.21557e-05
9.785	1.19718e-05
9.79	1.18692e-05
9.795	1.17414e-05
9.8	1.15878e-05
9.805	1.14457e-05
9.81	1.12601e-05
9.815	1.11077e-05
9.82	1.09933e-05
9.825	1.10016e-05
9.83	1.11162e-05
9.835	1.13931e-05
9.84	1.17781e-05
9.845	1.21032e-05
9.85	1.23786e-05
9.855	1.25388e-05
9.86	1.25676e-05
9.865	1.24825e-05
9.87	1.23185e-05
9.875	1.21336e-05
9.88	1.1958e-05
9.885	1.18566e-05
9.89	1.17279e-05
9.895	1.15742e-05
9.9	1.1426e-05
9.905	1.12424e-05
9.91	1.10918e-05
9.915	1.09866e-05
9.92	1.10079e-05
9.925	1.11381e-05
9.93	1.14373e-05
9.935	1.18245e-05
9.94	1.21424e-05
9.945	1.24005e-05
9.95	1.254e-05
9.955	1.25589e-05
9.96	1.24629e-05
9.965	1.22956e-05
9.97	1.21065e-05
9.975	1.19414e-05
9.98	1.18452e-05
9.985	1.1691e-05
9.99	1.1553e-05
9.995	1.14018e-05
10	1.12218e-05
10.005	1.10729e-05
10.01	1.09931e-05
10.015	1.10406e-05
10.02	1.11781e-05
10.025	1.14848e-05
10.03	1.188e-05
10.035	1.21869e-05
10.04	1.24303e-05
10.045	1.25532e-05
10.05	1.25549e-05
10.055	1.24449e-05
10.06	1.22772e-05
10.065	1.20873e-05
10.07	1.19311e-05
10.075	1.18203e-05
10.08	1.16754e-05
10.085	1.15384e-05
10.09	1.13846e-05
10.095	1.12059e-05
10.1	1.1062e-05
10.105	1.09846e-05
10.11	1.10524e-05
10.115	1.12152e-05
10.12	1.15337e-05
10.125	1.18709e-05
10.13	1.2204e-05
10.135	1.24403e-05
10.14	1.25439e-05
10.145	1.25385e-05
10.15	1.24135e-05
10.155	1.22519e-05
10.16	1.20573e-05
10.165	1.19146e-05
10.17	1.18072e-05
10.175	1.16584e-05
10.18	1.15218e-05
10.185	1.13443e-05
10.19	1.11827e-05
10.195	1.10396e-05
10.2	1.09753e-05
10.205	1.10402e-05
10.21	1.12309e-05
10.215	1.15723e-05
10.22	1.19175e-05
10.225	1.2243e-05
10.23	1.24673e-05
10.235	1.25564e-05
10.24	1.25322e-05
10.245	1.24005e-05
10.25	1.22209e-05
10.255	1.20213e-05
10.26	1.18966e-05
10.265	1.17781e-05
10.27	1.16447e-05
10.275	1.1502e-05
10.28	1.13248e-05
10.285	1.11638e-05
10.29	1.10268e-05
10.295	1.09752e-05
10.3	1.10434e-05
10.305	1.12589e-05
10.31	1.16176e-05
10.315	1.19624e-05
10.32	1.22768e-05
10.325	1.24861e-05
10.33	1.25608e-05
10.335	1.25206e-05
10.34	1.23858e-05
10.345	1.21998e-05
10.35	1.20044e-05
10.355	1.18858e-05
10.36	1.17674e-05
10.365	1.16152e-05
10.37	1.14785e-05
10.375	1.12984e-05
10.38	1.11438e-05
10.385	1.10139e-05
10.39	1.09805e-05
10.395	1.10757e-05
10.4	1.13249e-05
10.405	1.16842e-05
10.41	1.202e-05
10.415	1.2321e-05
10.42	1.25122e-05
10.425	1.25692e-05
10.43	1.25133e-05
10.435	1.2365e-05
10.44	1.21775e-05
10.445	1.19857e-05
10.45	1.18746e-05
10.455	1.17499e-05
10.46	1.15995e-05
10.465	1.14597e-05
10.47	1.12765e-05
10.475	1.11204e-05
10.48	1.10008e-05
10.485	1.09925e-05
10.49	1.10908e-05
10.495	1.13429e-05
10.5	1.1724e-05
10.505	1.20556e-05
10.51	1.23456e-05
10.515	1.25209e-05
10.52	1.25651e-05
10.525	1.24938e-05
10.53	1.23399e-05
10.535	1.21546e-05
10.54	1.1972e-05
10.545	1.18688e-05
10.55	1.17416e-05
10.555	1.15874e-05
10.56	1.14459e-05
10.565	1.12597e-05
10.57	1.11079e-05
10.575	1.09929e-05
10.58	1.1002e-05
10.585	1.1116e-05
10.59	1.13937e-05
10.595	1.17782e-05
10.6	1.21039e-05
10.605	1.23785e-05
10.61	1.25393e-05
10.615	1.25674e-05
10.62	1.24828e-05
10.625	1.23181e-05
10.63	1.21338e-05
10.635	1.19576e-05
10.64	1.18568e-05
10.645	1.17275e-05
10.65	1.15744e-05
10.655	1.14256e-05
10.66	1.12426e-05
10.665	1.10913e-05
10.67	1.09868e-05
10.675	1.10076e-05
10.68	1.11387e-05
10.685	1.14374e-05
10.69	1.18252e-05
10.695	1.21424e-05
10.7	1.2401e-05
10.705	1.25397e-05
10.71	1.25591e-05
10.715	1.24624e-05
10.72	1.22957e-05
10.725	1.2106e-05
10.73	1.19416e-05
10.735	1.18448e-05
10.74	1.16912e-05
10.745	1.15526e-05
10.75	1.14019e-05
10.755	1.12214e-05
10.76	1.10728e-05
10.765	1.09928e-05
10.77	1.1041e-05
10.775	1.1178e-05
10.78	1.14855e-05
10.785	1.18799e-05
10.79	1.21874e-05
10.795	1.24301e-05
10.8	1.25536e-05
10.805	1.25545e-05
10.81	1.24451e-05
10.815	1.22767e-05
10.82	1.20875e-05
10.825	1.19307e-05
10.83	1.18206e-05
10.835	1.1675e-05
10.84	1.15386e-05
10.845	1.13841e-05
10.85	1.1206e-05
10.855	1.10616e-05
10.86	1.09849e-05
10.865	1.10521e-05
10.87	1.12158e-05
10.875	1.15338e-05
10.88	1.18716e-05
10.885	1.2204e-05
10.89	1.24409e-05
10.895	1.25438e-05
10.9	1.25389e-05
10.905	1.24132e-05
10.91	1.22522e-05
10.915	1.20569e-05
10.92	1.19149e-05
10.925	1.18068e-05
10.93	1.1659e-05
10.935	1.15215e-05
10.94	1.13445e-05
10.945	1.11823e-05
10.95	1.10399e-05
10.955	1.09751e-05
10.96	1.10382e-05
10.965	1.12305e-05
10.97	1.15729e-05
10.975	1.19175e-05
10.98	1.22438e-05
10.985	1.2467e-05
10.99	1.25566e-05
10.995	1.25318e-05
11	1.24007e-05
11.005	1.22204e-05
11.01	1.20214e-05
11.015	1.18962e-05
11.02	1.17784e-05
11.025	1.16443e-05
11.03	1.15022e-05
11.035	1.13243e-05
11.04	1.1164e-05
11.045	1.10264e-05
11.05	1.09755e-05
11.055	1.10433e-05
11.06	1.12595e-05
11.065	1.16176e-05
11.07	1.1963e-05
11.075	1.22767e-05
11.08	1.24866e-05
11.085	1.25606e-05
11.09	1.25208e-05
11.095	1.23854e-05
11.1	1.21999e-05
11.105	1.2004e-05
11.11	1.1886e-05
11.115	1.1767e-05
11.12	1.16154e-05
11.125	1.14781e-05
11.13	1.12985e-05
11.135	1.11433e-05
11.14	1.10141e-05
11.145	1.09801e-05
11.15	1.10761e-05
11.155	1.13248e-05
11.16	1.16849e-05
11.165	1.202e-05
11.17	1.23216e-05
11.175	1.25121e-05
11.18	1.25696e-05
11.185	1.25129e-05
11.19	1.23652e-05
11.195	1.21771e-05
11.2	1.1986e-05
11.205	1.18743e-05
11.21	1.17501e-05
11.215	1.15991e-05
11.22	1.14598e-05
11.225	1.1276e-05
11.23	1.11206e-05
11.235	1.10004e-05
11.24	1.09928e-05
11.245	1.10906e-05
11.25	1.13434e-05
11.255	1.1724e-05
11.26	1.20562e-05
11.265	1.23455e-05
11.27	1.25213e-05
11.275	1.25647e-05
11.28	1.24939e-05
11.285	1.23394e-05
11.29	1.21547e-05
11.295	1.19715e-05
11.3	1.1869e-05
11.305	1.17412e-05
11.31	1.15876e-05
11.315	1.14455e-05
11.32	1.12599e-05
11.325	1.11075e-05
11.33	1.09932e-05
11.335	1.10018e-05
11.34	1.11166e-05
11.345	1.13938e-05
11.35	1.17789e-05
11.355	1.21039e-05
11.36	1.23791e-05
11.365	1.25391e-05
11.37	1.25677e-05
11.375	1.24825e-05
11.38	1.23183e-05
11.385	1.2133e-05
11.39	1.19579e-05
11.395	1.18565e-05
11.4	1.17277e-05
11.405	1.1574e-05
11.41	1.14258e-05
11.415	1.12423e-05
11.42	1.10915e-05
11.425	1.09865e-05
11.43	1.10078e-05
11.435	1.11386e-05
11.44	1.1438e-05
11.445	1.18252e-05
11.45	1.2143e-05
11.455	1.24008e-05
11.46	1.25402e-05
11.465	1.25588e-05
11.47	1.24626e-05
11.475	1.22953e-05
11.48	1.21062e-05
11.485	1.19412e-05
11.49	1.18451e-05
11.495	1.16909e-05
11.5	1.15529e-05
11.505	1.14016e-05
11.51	1.12216e-05
11.515	1.10724e-05
11.52	1.09931e-05
11.525	1.10408e-05
11.53	1.11786e-05
11.535	1.14856e-05
11.54	1.18806e-05
11.545	1.21874e-05
11.55	1.24305e-05
11.555	1.25534e-05
11.56	1.25548e-05
11.565	1.24447e-05
11.57	1.22769e-05
11.575	1.2087e-05
11.58	1.19309e-05
11.585	1.18202e-05
11.59	1.16752e-05
11.595	1.15382e-05
11.6	1.13844e-05
11.605	1.12056e-05
11.61	1.10618e-05
11.615	1.09846e-05
11.62	1.10526e-05
11.625	1.12157e-05
11.63	1.15344e-05
11.635	1.18717e-05
11.64	1.22046e-05
11.645	1.24407e-05
11.65	1.25441e-05
11.655	1.25384e-05
11.66	1.24134e-05
11.665	1.22517e-05
11.67	1.20571e-05
11.675	1.19145e-05
11.68	1.18071e-05
11.685	1.16586e-05
11.69	1.15217e-05
11.695	1.1344e-05
11.7	1.11825e-05
11.705	1.10395e-05
11.71	1.09754e-05
11.715	1.1038e-05
11.72	1.12409e-05
11.725	1.15794e-05
11.73	1.19228e-05
11.735	1.2248e-05
11.74	1.24715e-05
11.745	1.25601e-05
11.75	1.25352e-05
11.755	1.24026e-05
11.76	1.22219e-05
11.765	1.20214e-05
11.77	1.18962e-05
11.775	1.17776e-05
11.78	1.16443e-05
11.785	1.15018e-05
11.79	1.13245e-05
11.795	1.1163e-05
11.8	1.10261e-05
11.805	1.09743e-05
11.81	1.10424e-05
11.815	1.12582e-05
11.82	1.16175e-05
11.825	1.19627e-05
11.83	1.22775e-05
11.835	1.24872e-05
11.84	1.2562e-05
11.845	1.25218e-05
11.85	1.23868e-05
11.855	1.22005e-05
11.86	1.20048e-05
11.865	1.18859e-05
11.87	1.17674e-05
11.875	1.16152e-05
11.88	1.14786e-05
11.885	1.12983e-05
11.89	1.11435e-05
11.895	1.10133e-05
11.9	1.09793e-05
11.905	1.10742e-05
11.91	1.13237e-05
11.915	1.16834e-05
11.92	1.20197e-05
11.925	1.23211e-05
11.93	1.25127e-05
11.935	1.25699e-05
11.94	1.25141e-05
11.945	1.23657e-05
11.95	1.21779e-05
11.955	1.1986e-05
11.96	1.18748e-05
11.965	1.17499e-05
11.97	1.15997e-05
11.975	1.14598e-05
11.98	1.12766e-05
11.985	1.11202e-05
11.99	1.10001e-05
11.995	1.09914e-05
12	1.10895e-05
12.005	1.13418e-05
12.01	1.17234e-05
12.015	1.20555e-05
12.02	1.23458e-05
12.025	1.25218e-05
12.03	1.25657e-05
12.035	1.24945e-05
12.04	1.23405e-05
12.045	1.21557e-05
12.05	1.19722e-05
12.055	1.18688e-05
12.06	1.17416e-05
12.065	1.15875e-05
12.07	1.14461e-05
12.075	1.12597e-05
12.08	1.11077e-05
12.085	1.09922e-05
12.09	1.10008e-05
12.095	1.11147e-05
12.1	1.13926e-05
12.105	1.17775e-05
12.11	1.21035e-05
12.115	1.23785e-05
12.12	1.25397e-05
12.125	1.25679e-05
12.13	1.24835e-05
12.135	1.23188e-05
12.14	1.21345e-05
12.145	1.19582e-05
12.15	1.18573e-05
12.155	1.1728e-05
12.16	1.15749e-05
12.165	1.14261e-05
12.17	1.12432e-05
12.175	1.10918e-05
12.18	1.09872e-05
12.185	1.10077e-05
12.19	1.11383e-05
12.195	1.14365e-05
12.2	1.1824e-05
12.205	1.21413e-05
12.21	1.24002e-05
12.215	1.25392e-05
12.22	1.2559e-05
12.225	1.24626e-05
12.23	1.22962e-05
12.235	1.21067e-05
12.24	1.19424e-05
12.245	1.18457e-05
12.25	1.16923e-05
12.255	1.15538e-05
12.26	1.14031e-05
12.265	1.12224e-05
12.27	1.10741e-05
12.275	1.09934e-05
12.28	1.10413e-05
12.285	1.1178e-05
12.29	1.14854e-05
12.295	1.18801e-05
12.3	1.21878e-05
12.305	1.24307e-05
12.31	1.25544e-05
12.315	1.25555e-05
12.32	1.24463e-05
12.325	1.22779e-05
12.33	1.20881e-05
12.335	1.19318e-05
12.34	1.18212e-05
12.345	1.16755e-05
12.35	1.1539e-05
12.355	1.13845e-05
12.36	1.12064e-05
12.365	1.10618e-05
12.37	1.09849e-05
12.375	1.1052e-05
12.38	1.12154e-05
12.385	1.15331e-05
12.39	1.18709e-05
12.395	1.22034e-05
12.4	1.24404e-05
12.405	1.25436e-05
12.41	1.25389e-05
12.415	1.24135e-05
12.42	1.22525e-05
12.425	1.20572e-05
12.43	1.19151e-05
12.435	1.18071e-05
12.44	1.16589e-05
12.445	1.15217e-05
12.45	1.13449e-05
12.455	1.11833e-05
12.46	1.10402e-05
12.465	1.09751e-05
12.47	1.10403e-05
12.475	1.12303e-05
12.48	1.15722e-05
12.485	1.19169e-05
12.49	1.22431e-05
12.495	1.24669e-05
12.5	1.25567e-05
12.505	1.2532e-05
12.51	1.24015e-05
12.515	1.22209e-05
12.52	1.20218e-05
12.525	1.18964e-05
12.53	1.17786e-05
12.535	1.16445e-05
12.54	1.15035e-05
12.545	1.13247e-05
12.55	1.11643e-05
12.555	1.10266e-05
12.56	1.09754e-05
12.565	1.10429e-05
12.57	1.12588e-05
12.575	1.16168e-05
12.58	1.19623e-05
12.585	1.22762e-05
12.59	1.24863e-05
12.595	1.25605e-05
12.6	1.25211e-05
12.605	1.23857e-05
12.61	1.22004e-05
12.615	1.20042e-05
12.62	1.18862e-05
12.625	1.17672e-05
12.63	1.16156e-05
12.635	1.14784e-05
12.64	1.12988e-05
12.645	1.11436e-05
12.65	1.10144e-05
12.655	1.09801e-05
12.66	1.10758e-05
12.665	1.13241e-05
12.67	1.1684e-05
12.675	1.20192e-05
12.68	1.23211e-05
12.685	1.25118e-05
12.69	1.25696e-05
12.695	1.25132e-05
12.7	1.23656e-05
12.705	1.21774e-05
12.71	1.19862e-05
12.715	1.18744e-05
12.72	1.17503e-05
12.725	1.15993e-05
12.73	1.14601e-05
12.735	1.12763e-05
12.74	1.11208e-05
12.745	1.10006e-05
12.75	1.09928e-05
12.755	1.10902e-05
12.76	1.13428e-05
12.765	1.17233e-05
12.77	1.20556e-05
12.775	1.23451e-05
12.78	1.25212e-05
12.785	1.25648e-05
12.79	1.24943e-05
12.795	1.23399e-05
12.8	1.21558e-05
12.805	1.19719e-05
12.81	1.18693e-05
12.815	1.17415e-05
12.82	1.15878e-05
12.825	1.14458e-05
12.83	1.12602e-05
12.835	1.11078e-05
12.84	1.09933e-05
12.845	1.10016e-05
12.85	1.11162e-05
12.855	1.13931e-05
12.86	1.1778e-05
12.865	1.21031e-05
12.87	1.23784e-05
12.875	1.25387e-05
12.88	1.25675e-05
12.885	1.24825e-05
12.89	1.23185e-05
12.895	1.21336e-05
12.9	1.1958e-05
12.905	1.18566e-05
12.91	1.17279e-05
12.915	1.15743e-05
12.92	1.14261e-05
12.925	1.12425e-05
12.93	1.10918e-05
12.935	1.09866e-05
12.94	1.10079e-05
12.945	1.11381e-05
12.95	1.14373e-05
12.955	1.18244e-05
12.96	1.21423e-05
12.965	1.24005e-05
12.97	1.254e-05
12.975	1.25589e-05
12.98	1.24629e-05
12.985	1.22956e-05
12.99	1.21065e-05
12.995	1.19414e-05
13	1.18452e-05
13.005	1.1691e-05
13.01	1.15531e-05
13.015	1.14018e-05
13.02	1.12218e-05
13.025	1.1073e-05
13.03	1.09932e-05
13.035	1.10406e-05
13.04	1.1178e-05
13.045	1.14847e-05
13.05	1.18799e-05
13.055	1.21868e-05
13.06	1.24303e-05
13.065	1.25532e-05
13.07	1.25549e-05
13.075	1.2445e-05
13.08	1.22773e-05
13.085	1.20874e-05
13.09	1.19312e-05
13.095	1.18204e-05
13.1	1.16754e-05
13.105	1.15384e-05
13.11	1.13846e-05
13.115	1.12059e-05
13.12	1.1062e-05
13.125	1.09846e-05
13.13	1.10524e-05
13.135	1.12152e-05
13.14	1.15336e-05
13.145	1.18708e-05
13.15	1.22039e-05
13.155	1.24403e-05
13.16	1.25439e-05
13.165	1.25385e-05
13.17	1.24136e-05
13.175	1.2252e-05
13.18	1.20574e-05
13.185	1.19147e-05
13.19	1.18073e-05
13.195	1.16585e-05
13.2	1.15219e-05
13.205	1.13443e-05
13.21	1.11828e-05
13.215	1.10397e-05
13.22	1.09753e-05
13.225	1.10401e-05
13.23	1.12309e-05
13.235	1.15723e-05
13.24	1.19174e-05
13.245	1.2243e-05
13.25	1.24673e-05
13.255	1.25564e-05
13.26	1.25323e-05
13.265	1.24006e-05
13.27	1.2221e-05
13.275	1.20213e-05
13.28	1.18967e-05
13.285	1.17782e-05
13.29	1.16447e-05
13.295	1.15021e-05
13.3	1.13248e-05
13.305	1.11638e-05
13.31	1.10268e-05
13.315	1.09752e-05
13.32	1.10434e-05
13.325	1.12588e-05
13.33	1.16175e-05
13.335	1.19623e-05
13.34	1.22768e-05
13.345	1.24861e-05
13.35	1.25609e-05
13.355	1.25207e-05
13.36	1.23859e-05
13.365	1.21999e-05
13.37	1.20045e-05
13.375	1.18859e-05
13.38	1.17675e-05
13.385	1.16152e-05
13.39	1.14786e-05
13.395	1.12984e-05
13.4	1.11438e-05
13.405	1.10139e-05
13.41	1.09804e-05
13.415	1.10756e-05
13.42	1.13248e-05
13.425	1.16841e-05
13.43	1.20199e-05
13.435	1.23209e-05
13.44	1.25122e-05
13.445	1.25693e-05
13.45	1.25134e-05
13.455	1.23651e-05
13.46	1.21776e-05
13.465	1.19858e-05
13.47	1.18747e-05
13.475	1.17499e-05
13.48	1.15995e-05
13.485	1.14597e-05
13.49	1.12765e-05
13.495	1.11204e-05
13.5	1.10008e-05
13.505	1.09925e-05
13.51	1.10907e-05
13.515	1.13428e-05
13.52	1.1724e-05
13.525	1.20556e-05
13.53	1.23456e-05
13.535	1.25209e-05
13.54	1.25651e-05
13.545	1.24939e-05
13.55	1.234e-05
13.555	1.21546e-05
13.56	1.19721e-05
13.565	1.18688e-05
13.57	1.17417e-05
13.575	1.15874e-05
13.58	1.14459e-05
13.585	1.12597e-05
13.59	1.11079e-05
13.595	1.09929e-05
13.6	1.10019e-05
13.605	1.11159e-05
13.61	1.13937e-05
13.615	1.17781e-05
13.62	1.21038e-05
13.625	1.23785e-05
13.63	1.25393e-05
13.635	1.25674e-05
13.64	1.24829e-05
13.645	1.23182e-05
13.65	1.21339e-05
13.655	1.19577e-05
13.66	1.18569e-05
13.665	1.17275e-05
13.67	1.15745e-05
13.675	1.14256e-05
13.68	1.12427e-05
13.685	1.10914e-05
13.69	1.09868e-05
13.695	1.10076e-05
13.7	1.11386e-05
13.705	1.14373e-05
13.71	1.18251e-05
13.715	1.21423e-05
13.72	1.2401e-05
13.725	1.25397e-05
13.73	1.25592e-05
13.735	1.24625e-05
13.74	1.22958e-05
13.745	1.21061e-05
13.75	1.19416e-05
13.755	1.18449e-05
13.76	1.16913e-05
13.765	1.15527e-05
13.77	1.1402e-05
13.775	1.12214e-05
13.78	1.10728e-05
13.785	1.09928e-05
13.79	1.1041e-05
13.795	1.11779e-05
13.8	1.14854e-05
13.805	1.18799e-05
13.81	1.21874e-05
13.815	1.24301e-05
13.82	1.25536e-05
13.825	1.25545e-05
13.83	1.24452e-05
13.835	1.22768e-05
13.84	1.20876e-05
13.845	1.19308e-05
13.85	1.18207e-05
13.855	1.16751e-05
13.86	1.15387e-05
13.865	1.13842e-05
13.87	1.12061e-05
13.875	1.10616e-05
13.88	1.09849e-05
13.885	1.10521e-05
13.89	1.12157e-05
13.895	1.15337e-05
13.9	1.18716e-05
13.905	1.2204e-05
13.91	1.24409e-05
13.915	1.25438e-05
13.92	1.25389e-05
13.925	1.24133e-05
13.93	1.22523e-05
13.935	1.2057e-05
13.94	1.1915e-05
13.945	1.18069e-05
13.95	1.16591e-05
13.955	1.15215e-05
13.96	1.13445e-05
13.965	1.11823e-05
13.97	1.10399e-05
13.975	1.09751e-05
13.98	1.10382e-05
13.985	1.12304e-05
13.99	1.15728e-05
13.995	1.19175e-05
14	1.22437e-05
14.005	1.2467e-05
14.01	1.25567e-05
14.015	1.25318e-05
14.02	1.24008e-05
14.025	1.22205e-05
14.03	1.20215e-05
14.035	1.18963e-05
14.04	1.17785e-05
14.045	1.16443e-05
14.05	1.15023e-05
14.055	1.13244e-05
14.06	1.1164e-05
14.065	1.10264e-05
14.07	1.09755e-05
14.075	1.10432e-05
14.08	1.12594e-05
14.085	1.16175e-05
14.09	1.19629e-05
14.095	1.22767e-05
14.1	1.24866e-05
14.105	1.25606e-05
14.11	1.25209e-05
14.115	1.23854e-05
14.12	1.22e-05
14.125	1.2004e-05
14.13	1.18861e-05
14.135	1.1767e-05
14.14	1.16154e-05
14.145	1.14781e-05
14.15	1.12986e-05
14.155	1.11434e-05
14.16	1.10141e-05
14.165	1.09801e-05
14.17	1.1076e-05
14.175	1.13247e-05
14.18	1.16848e-05
14.185	1.20199e-05
14.19	1.23215e-05
14.195	1.25121e-05
14.2	1.25696e-05
14.205	1.25129e-05
14.21	1.23654e-05
14.215	1.21771e-05
14.22	1.1986e-05
14.225	1.18744e-05
14.23	1.17502e-05
14.235	1.15991e-05
14.24	1.14599e-05
14.245	1.12761e-05
14.25	1.11206e-05
14.255	1.10004e-05
14.26	1.09928e-05
14.265	1.10905e-05
14.27	1.13433e-05
14.275	1.17239e-05
14.28	1.20561e-05
14.285	1.23454e-05
14.29	1.25213e-05
14.295	1.25647e-05
14.3	1.24941e-05
14.305	1.23395e-05
14.31	1.21548e-05
14.315	1.19716e-05
14.32	1.18691e-05
14.325	1.17413e-05
14.33	1.15877e-05
14.335	1.14456e-05
14.34	1.12599e-05
14.345	1.11075e-05
14.35	1.09932e-05
14.355	1.10017e-05
14.36	1.11165e-05
14.365	1.13937e-05
14.37	1.17788e-05
14.375	1.21038e-05
14.38	1.2379e-05
14.385	1.25391e-05
14.39	1.25678e-05
14.395	1.24826e-05
14.4	1.23184e-05
14.405	1.21331e-05
14.41	1.1958e-05
14.415	1.18565e-05
14.42	1.17278e-05
14.425	1.15741e-05
14.43	1.14259e-05
14.435	1.12423e-05
14.44	1.10916e-05
14.445	1.09865e-05
14.45	1.10078e-05
14.455	1.11385e-05
14.46	1.14379e-05
14.465	1.18251e-05
14.47	1.21429e-05
14.475	1.24008e-05
14.48	1.25402e-05
14.485	1.25589e-05
14.49	1.24627e-05
14.495	1.22953e-05
14.5	1.21062e-05
