0	0
0.005	0
0.01	0
0.015	0
0.02	1.27718e-06
0.025	3.73114e-06
0.03	4.98163e-06
0.035	4.98314e-06
0.04	4.83804e-06
0.045	4.66348e-06
0.05	4.49155e-06
0.055	4.3288e-06
0.06	4.18297e-06
0.065	4.05008e-06
0.07	3.92238e-06
0.075	3.81683e-06
0.08	3.71408e-06
0.085	3.62373e-06
0.09	3.55051e-06
0.095	3.47701e-06
0.1	3.4166e-06
0.105	3.35334e-06
0.11	3.30047e-06
0.115	3.24457e-06
0.12	3.19363e-06
0.125	3.14528e-06
0.13	3.09759e-06
0.135	3.05022e-06
0.14	3.00269e-06
0.145	2.95418e-06
0.15	2.9047e-06
0.155	2.8532e-06
0.16	2.80003e-06
0.165	2.74549e-06
0.17	2.69116e-06
0.175	2.63818e-06
0.18	2.58815e-06
0.185	2.54206e-06
0.19	2.50132e-06
0.195	2.46719e-06
0.2	2.44232e-06
0.205	2.42825e-06
0.21	2.42652e-06
0.215	2.43726e-06
0.22	2.46232e-06
0.225	2.50306e-06
0.23	2.55805e-06
0.235	2.61672e-06
0.24	2.66158e-06
0.245	2.67413e-06
0.25	2.64879e-06
0.255	2.60077e-06
0.26	2.56368e-06
0.265	2.56765e-06
0.27	2.61512e-06
0.275	2.6828e-06
0.28	2.74466e-06
0.285	2.78579e-06
0.29	2.8185e-06
0.295	2.87667e-06
0.3	2.9879e-06
0.305	3.14768e-06
0.31	3.32059e-06
0.315	3.46383e-06
0.32	3.5439e-06
0.325	3.56145e-06
0.33	3.51803e-06
0.335	3.43253e-06
0.34	3.3258e-06
0.345	3.25191e-06
0.35	3.21661e-06
0.355	3.20571e-06
0.36	3.19937e-06
0.365	3.18284e-06
0.37	3.15728e-06
0.375	3.12952e-06
0.38	3.12652e-06
0.385	3.17373e-06
0.39	3.28688e-06
0.395	3.44297e-06
0.4	3.59506e-06
0.405	3.7121e-06
0.41	3.78048e-06
0.415	3.79116e-06
0.42	3.75265e-06
0.425	3.67603e-06
0.43	3.58263e-06
0.435	3.48871e-06
0.44	3.41641e-06
0.445	3.37481e-06
0.45	3.35134e-06
0.455	3.32916e-06
0.46	3.29791e-06
0.465	3.2603e-06
0.47	3.22891e-06
0.475	3.23192e-06
0.48	3.29691e-06
0.485	3.42815e-06
0.49	3.58168e-06
0.495	3.73372e-06
0.5	3.84832e-06
0.505	3.90709e-06
0.51	3.91227e-06
0.515	3.86859e-06
0.52	3.79143e-06
0.525	3.69398e-06
0.53	3.60397e-06
0.535	3.53494e-06
0.54	3.48841e-06
0.545	3.46968e-06
0.55	3.43951e-06
0.555	3.39092e-06
0.56	3.31245e-06
0.565	3.25784e-06
0.57	3.25095e-06
0.575	3.32593e-06
0.58	3.48754e-06
0.585	3.70277e-06
0.59	3.92158e-06
0.595	4.06495e-06
0.6	4.07636e-06
0.605	3.94207e-06
0.61	3.75772e-06
0.615	3.61145e-06
0.62	3.52026e-06
0.625	3.4758e-06
0.63	3.47018e-06
0.635	3.5078e-06
0.64	3.55786e-06
0.645	3.59905e-06
0.65	3.62889e-06
0.655	3.66066e-06
0.66	3.69443e-06
0.665	3.72861e-06
0.67	3.77683e-06
0.675	3.82127e-06
0.68	3.8541e-06
0.685	3.87298e-06
0.69	3.86455e-06
0.695	3.87511e-06
0.7	3.88662e-06
0.705	3.89082e-06
0.71	3.87668e-06
0.715	3.85197e-06
0.72	3.82667e-06
0.725	3.81497e-06
0.73	3.82117e-06
0.735	3.83522e-06
0.74	3.82202e-06
0.745	3.81111e-06
0.75	3.79515e-06
0.755	3.76595e-06
0.76	3.75148e-06
0.765	3.75576e-06
0.77	3.78741e-06
0.775	3.85252e-06
0.78	3.94754e-06
0.785	4.03535e-06
0.79	4.12121e-06
0.795	4.17419e-06
0.8	4.19287e-06
0.805	4.17454e-06
0.81	4.13563e-06
0.815	4.08686e-06
0.82	4.04249e-06
0.825	4.02248e-06
0.83	3.99577e-06
0.835	3.95651e-06
0.84	3.91797e-06
0.845	3.87262e-06
0.85	3.83602e-06
0.855	3.81603e-06
0.86	3.83201e-06
0.865	3.87481e-06
0.87	3.96035e-06
0.875	4.07647e-06
0.88	4.1744e-06
0.885	4.25889e-06
0.89	4.30515e-06
0.895	4.31333e-06
0.9	4.2829e-06
0.905	4.23304e-06
0.91	4.17463e-06
0.915	4.1255e-06
0.92	4.09949e-06
0.925	4.05366e-06
0.93	4.01204e-06
0.935	3.96699e-06
0.94	3.9142e-06
0.945	3.87423e-06
0.95	3.85248e-06
0.955	3.87347e-06
0.96	3.92711e-06
0.965	4.02343e-06
0.97	4.14875e-06
0.975	4.24641e-06
0.98	4.32581e-06
0.985	4.36437e-06
0.99	4.36111e-06
0.995	4.3231e-06
1	4.26536e-06
1.005	4.20217e-06
1.01	4.15082e-06
1.015	4.11649e-06
1.02	4.06976e-06
1.025	4.02394e-06
1.03	3.97596e-06
1.035	3.91949e-06
1.04	3.87774e-06
1.045	3.8582e-06
1.05	3.88125e-06
1.055	3.94652e-06
1.06	4.05232e-06
1.065	4.16391e-06
1.07	4.27518e-06
1.075	4.3533e-06
1.08	4.38501e-06
1.085	4.37735e-06
1.09	4.33168e-06
1.095	4.27363e-06
1.1	4.20635e-06
1.105	4.1567e-06
1.11	4.122e-06
1.115	4.07159e-06
1.12	4.02411e-06
1.125	3.97448e-06
1.13	3.91637e-06
1.135	3.87304e-06
1.14	3.85772e-06
1.145	3.8859e-06
1.15	3.95481e-06
1.155	4.07091e-06
1.16	4.18764e-06
1.165	4.29623e-06
1.17	4.37006e-06
1.175	4.39608e-06
1.18	4.38241e-06
1.185	4.33312e-06
1.19	4.2737e-06
1.195	4.20144e-06
1.2	4.15744e-06
1.205	4.11735e-06
1.21	4.07123e-06
1.215	4.02161e-06
1.22	3.96339e-06
1.225	3.91067e-06
1.23	3.86979e-06
1.235	3.86e-06
1.24	3.89073e-06
1.245	3.96678e-06
1.25	4.09184e-06
1.255	4.20922e-06
1.26	4.3143e-06
1.265	4.38204e-06
1.27	4.40244e-06
1.275	4.38131e-06
1.28	4.3297e-06
1.285	4.26324e-06
1.29	4.19616e-06
1.295	4.15491e-06
1.3	4.11395e-06
1.305	4.06211e-06
1.31	4.01556e-06
1.315	3.95615e-06
1.32	3.90468e-06
1.325	3.86598e-06
1.33	3.86228e-06
1.335	3.89846e-06
1.34	3.9836e-06
1.345	4.11355e-06
1.35	4.22902e-06
1.355	4.32879e-06
1.36	4.38998e-06
1.365	4.40363e-06
1.37	4.37739e-06
1.375	4.3229e-06
1.38	4.25609e-06
1.385	4.19097e-06
1.39	4.15155e-06
1.395	4.10934e-06
1.4	4.05736e-06
1.405	4.00832e-06
1.41	3.94839e-06
1.415	3.89783e-06
1.42	3.86409e-06
1.425	3.86668e-06
1.43	3.90963e-06
1.435	4.00354e-06
1.44	4.13548e-06
1.445	4.24727e-06
1.45	4.34099e-06
1.455	4.39498e-06
1.46	4.40296e-06
1.465	4.37151e-06
1.47	4.3148e-06
1.475	4.24766e-06
1.48	4.18521e-06
1.485	4.14905e-06
1.49	4.10513e-06
1.495	4.05309e-06
1.5	4.00205e-06
1.505	3.94235e-06
1.51	3.89382e-06
1.515	3.86347e-06
1.52	3.87487e-06
1.525	3.92174e-06
1.53	4.02316e-06
1.535	4.15654e-06
1.54	4.26411e-06
1.545	4.35188e-06
1.55	4.39693e-06
1.555	4.4008e-06
1.56	4.36369e-06
1.565	4.30566e-06
1.57	4.23772e-06
1.575	4.1798e-06
1.58	4.14626e-06
1.585	4.09248e-06
1.59	4.04465e-06
1.595	3.99398e-06
1.6	3.93509e-06
1.605	3.88976e-06
1.61	3.86271e-06
1.615	3.88252e-06
1.62	3.93976e-06
1.625	4.04517e-06
1.63	4.17884e-06
1.635	4.28143e-06
1.64	4.36272e-06
1.645	4.4016e-06
1.65	4.39703e-06
1.655	4.35639e-06
1.66	4.29537e-06
1.665	4.22836e-06
1.67	4.17342e-06
1.675	4.13578e-06
1.68	4.08628e-06
1.685	4.03784e-06
1.69	3.98726e-06
1.695	3.92853e-06
1.7	3.88339e-06
1.705	3.86311e-06
1.71	3.88556e-06
1.715	3.95304e-06
1.72	4.06325e-06
1.725	4.17838e-06
1.73	4.29155e-06
1.735	4.37026e-06
1.74	4.40179e-06
1.745	4.39349e-06
1.75	4.34654e-06
1.755	4.287e-06
1.76	4.21807e-06
1.765	4.16683e-06
1.77	4.13058e-06
1.775	4.07861e-06
1.78	4.03008e-06
1.785	3.97203e-06
1.79	3.91974e-06
1.795	3.8751e-06
1.8	3.85974e-06
1.805	3.88782e-06
1.81	3.9572e-06
1.815	4.07521e-06
1.82	4.1935e-06
1.825	4.30283e-06
1.83	4.37668e-06
1.835	4.40257e-06
1.84	4.38853e-06
1.845	4.3387e-06
1.85	4.27872e-06
1.855	4.20593e-06
1.86	4.16139e-06
1.865	4.12063e-06
1.87	4.07398e-06
1.875	4.02394e-06
1.88	3.96519e-06
1.885	3.9121e-06
1.89	3.87099e-06
1.895	3.86107e-06
1.9	3.89196e-06
1.905	3.96851e-06
1.91	4.09415e-06
1.915	4.21179e-06
1.92	4.3169e-06
1.925	4.3845e-06
1.93	4.40467e-06
1.935	4.38335e-06
1.94	4.33158e-06
1.945	4.26488e-06
1.95	4.19758e-06
1.955	4.15619e-06
1.96	4.11494e-06
1.965	4.0629e-06
1.97	4.01619e-06
1.975	3.95662e-06
1.98	3.90504e-06
1.985	3.86622e-06
1.99	3.86274e-06
1.995	3.89905e-06
2	3.98441e-06
2.005	4.11453e-06
2.01	4.22994e-06
2.015	4.32957e-06
2.02	4.39059e-06
2.025	4.40411e-06
2.03	4.37769e-06
2.035	4.32315e-06
2.04	4.25627e-06
2.045	4.1912e-06
2.05	4.15179e-06
2.055	4.10953e-06
2.06	4.05746e-06
2.065	4.00834e-06
2.07	3.94837e-06
2.075	3.89787e-06
2.08	3.8642e-06
2.085	3.86691e-06
2.09	3.90997e-06
2.095	4.004e-06
2.1	4.13593e-06
2.105	4.24761e-06
2.11	4.34117e-06
2.115	4.39501e-06
2.12	4.40283e-06
2.125	4.37126e-06
2.13	4.31457e-06
2.135	4.24741e-06
2.14	4.18504e-06
2.145	4.14897e-06
2.15	4.10499e-06
2.155	4.05293e-06
2.16	4.00188e-06
2.165	3.94221e-06
2.17	3.89371e-06
2.175	3.8635e-06
2.18	3.87506e-06
2.185	3.92205e-06
2.19	4.02355e-06
2.195	4.15694e-06
2.2	4.26434e-06
2.205	4.352e-06
2.21	4.39692e-06
2.215	4.40065e-06
2.22	4.36333e-06
2.225	4.30532e-06
2.23	4.23742e-06
2.235	4.17961e-06
2.24	4.14613e-06
2.245	4.09233e-06
2.25	4.0445e-06
2.255	3.99377e-06
2.26	3.9349e-06
2.265	3.88966e-06
2.27	3.86273e-06
2.275	3.8798e-06
2.28	3.93505e-06
2.285	4.04247e-06
2.29	4.1769e-06
2.295	4.27943e-06
2.3	4.36077e-06
2.305	4.39968e-06
2.31	4.39514e-06
2.315	4.35471e-06
2.32	4.29414e-06
2.325	4.22748e-06
2.33	4.17292e-06
2.335	4.13541e-06
2.34	4.08588e-06
2.345	4.03748e-06
2.35	3.98702e-06
2.355	3.92837e-06
2.36	3.88338e-06
2.365	3.86336e-06
2.37	3.88603e-06
2.375	3.95361e-06
2.38	4.06382e-06
2.385	4.1787e-06
2.39	4.29149e-06
2.395	4.36979e-06
2.4	4.40102e-06
2.405	4.39248e-06
2.41	4.34546e-06
2.415	4.28613e-06
2.42	4.21742e-06
2.425	4.16646e-06
2.43	4.13036e-06
2.435	4.07841e-06
2.44	4.02978e-06
2.445	3.9717e-06
2.45	3.91954e-06
2.455	3.87522e-06
2.46	3.86023e-06
2.465	3.88881e-06
2.47	3.95841e-06
2.475	4.07645e-06
2.48	4.19442e-06
2.485	4.30327e-06
2.49	4.37666e-06
2.495	4.40222e-06
2.5	4.38782e-06
2.505	4.33795e-06
2.51	4.27801e-06
2.515	4.2054e-06
2.52	4.1611e-06
2.525	4.12032e-06
2.53	4.0736e-06
2.535	4.02355e-06
2.54	3.96481e-06
2.545	3.91184e-06
2.55	3.87106e-06
2.555	3.86167e-06
2.56	3.89293e-06
2.565	3.96974e-06
2.57	4.09532e-06
2.575	4.21265e-06
2.58	4.3173e-06
2.585	4.38446e-06
2.59	4.40418e-06
2.595	4.38264e-06
2.6	4.33077e-06
2.605	4.26423e-06
2.61	4.19721e-06
2.615	4.15492e-06
2.62	4.11454e-06
2.625	4.06261e-06
2.63	4.01472e-06
2.635	3.95602e-06
2.64	3.90483e-06
2.645	3.86651e-06
2.65	3.86361e-06
2.655	3.90017e-06
2.66	3.98576e-06
2.665	4.11577e-06
2.67	4.23087e-06
2.675	4.33006e-06
2.68	4.39078e-06
2.685	4.40384e-06
2.69	4.37852e-06
2.695	4.32517e-06
2.7	4.25715e-06
2.705	4.19058e-06
2.71	4.1512e-06
2.715	4.10893e-06
2.72	4.05678e-06
2.725	4.00751e-06
2.73	3.94758e-06
2.735	3.89732e-06
2.74	3.8642e-06
2.745	3.86766e-06
2.75	3.91123e-06
2.755	4.00599e-06
2.76	4.138e-06
2.765	4.24944e-06
2.77	4.34243e-06
2.775	4.39577e-06
2.78	4.40309e-06
2.785	4.37083e-06
2.79	4.31403e-06
2.795	4.24689e-06
2.8	4.18463e-06
2.805	4.14856e-06
2.81	4.10434e-06
2.815	4.05214e-06
2.82	4.001e-06
2.825	3.94136e-06
2.83	3.89308e-06
2.835	3.86313e-06
2.84	3.87837e-06
2.845	3.9246e-06
2.85	4.02513e-06
2.855	4.15826e-06
2.86	4.26529e-06
2.865	4.35246e-06
2.87	4.39695e-06
2.875	4.40012e-06
2.88	4.36255e-06
2.885	4.30442e-06
2.89	4.23653e-06
2.895	4.17897e-06
2.9	4.13953e-06
2.905	4.09049e-06
2.91	4.04367e-06
2.915	3.99303e-06
2.92	3.93429e-06
2.925	3.88914e-06
2.93	3.86244e-06
2.935	3.87986e-06
2.94	3.9357e-06
2.945	4.04248e-06
2.95	4.16896e-06
2.955	4.27817e-06
2.96	4.36066e-06
2.965	4.4e-06
2.97	4.39538e-06
2.975	4.35534e-06
2.98	4.29419e-06
2.985	4.22669e-06
2.99	4.17211e-06
2.995	4.13487e-06
3	4.08475e-06
3.005	4.03684e-06
3.01	3.98627e-06
3.015	3.92727e-06
3.02	3.88162e-06
3.025	3.86105e-06
3.03	3.88324e-06
3.035	3.95103e-06
3.04	4.06258e-06
3.045	4.17889e-06
3.05	4.29222e-06
3.055	4.3707e-06
3.06	4.40181e-06
3.065	4.39308e-06
3.07	4.34586e-06
3.075	4.28637e-06
3.08	4.21764e-06
3.085	4.16681e-06
3.09	4.13076e-06
3.095	4.07856e-06
3.1	4.02989e-06
3.105	3.97173e-06
3.11	3.91951e-06
3.115	3.87516e-06
3.12	3.86039e-06
3.125	3.88929e-06
3.13	3.95928e-06
3.135	4.0778e-06
3.14	4.19591e-06
3.145	4.30465e-06
3.15	4.37776e-06
3.155	4.4029e-06
3.16	4.38822e-06
3.165	4.33811e-06
3.17	4.27789e-06
3.175	4.20541e-06
3.18	4.16119e-06
3.185	4.12034e-06
3.19	4.07356e-06
3.195	4.02347e-06
3.2	3.96462e-06
3.205	3.91173e-06
3.21	3.87102e-06
3.215	3.86183e-06
3.22	3.89334e-06
3.225	3.97045e-06
3.23	4.09623e-06
3.235	4.21345e-06
3.24	4.3179e-06
3.245	4.38467e-06
3.25	4.40413e-06
3.255	4.38234e-06
3.26	4.3303e-06
3.265	4.26377e-06
3.27	4.19694e-06
3.275	4.15485e-06
3.28	4.11443e-06
3.285	4.06248e-06
3.29	4.01453e-06
3.295	3.9557e-06
3.3	3.90462e-06
3.305	3.86652e-06
3.31	3.86321e-06
3.315	3.90054e-06
3.32	3.98654e-06
3.325	4.11666e-06
3.33	4.23152e-06
3.335	4.3304e-06
3.34	4.39081e-06
3.345	4.4036e-06
3.35	4.37813e-06
3.355	4.32481e-06
3.36	4.25684e-06
3.365	4.19052e-06
3.37	4.15137e-06
3.375	4.10905e-06
3.38	4.05693e-06
3.385	4.00655e-06
3.39	3.94738e-06
3.395	3.89726e-06
3.4	3.86436e-06
3.405	3.86808e-06
3.41	3.91198e-06
3.415	4.00716e-06
3.42	4.13939e-06
3.425	4.25074e-06
3.43	4.34346e-06
3.435	4.39645e-06
3.44	4.4035e-06
3.445	4.371e-06
3.45	4.31404e-06
3.455	4.24679e-06
3.46	4.18462e-06
3.465	4.14864e-06
3.47	4.10426e-06
3.475	4.05198e-06
3.48	4.00077e-06
3.485	3.94112e-06
3.49	3.89288e-06
3.495	3.86309e-06
3.5	3.87859e-06
3.505	3.92518e-06
3.51	4.02605e-06
3.515	4.15923e-06
3.52	4.26606e-06
3.525	4.35295e-06
3.53	4.39719e-06
3.535	4.4001e-06
3.54	4.36233e-06
3.545	4.30402e-06
3.55	4.23729e-06
3.555	4.17996e-06
3.56	4.13985e-06
3.565	4.09047e-06
3.57	4.04353e-06
3.575	3.9927e-06
3.58	3.93386e-06
3.585	3.88876e-06
3.59	3.86224e-06
3.595	3.87998e-06
3.6	3.9362e-06
3.605	4.04337e-06
3.61	4.16995e-06
3.615	4.27898e-06
3.62	4.36123e-06
3.625	4.40034e-06
3.63	4.39545e-06
3.635	4.35523e-06
3.64	4.29401e-06
3.645	4.22652e-06
3.65	4.17206e-06
3.655	4.13485e-06
3.66	4.08466e-06
3.665	4.03669e-06
3.67	3.98605e-06
3.675	3.92704e-06
3.68	3.88146e-06
3.685	3.86112e-06
3.69	3.88349e-06
3.695	3.9515e-06
3.7	4.06306e-06
3.705	4.17962e-06
3.71	4.29286e-06
3.715	4.37105e-06
3.72	4.40203e-06
3.725	4.39294e-06
3.73	4.3456e-06
3.735	4.28603e-06
3.74	4.2173e-06
3.745	4.16663e-06
3.75	4.1306e-06
3.755	4.07841e-06
3.76	4.02965e-06
3.765	3.97146e-06
3.77	3.91922e-06
3.775	3.87488e-06
3.78	3.86029e-06
3.785	3.88944e-06
3.79	3.95975e-06
3.795	4.07856e-06
3.8	4.19665e-06
3.805	4.30518e-06
3.81	4.3781e-06
3.815	4.40301e-06
3.82	4.38809e-06
3.825	4.33781e-06
3.83	4.27755e-06
3.835	4.20518e-06
3.84	4.16097e-06
3.845	4.12011e-06
3.85	4.07336e-06
3.855	4.02316e-06
3.86	3.96425e-06
3.865	3.9114e-06
3.87	3.87079e-06
3.875	3.86182e-06
3.88	3.89355e-06
3.885	3.971e-06
3.89	4.09702e-06
3.895	4.21421e-06
3.9	4.31845e-06
3.905	4.38495e-06
3.91	4.40418e-06
3.915	4.38209e-06
3.92	4.33002e-06
3.925	4.26346e-06
3.93	4.19663e-06
3.935	4.15456e-06
3.94	4.1142e-06
3.945	4.06224e-06
3.95	4.01425e-06
3.955	3.95531e-06
3.96	3.90434e-06
3.965	3.86634e-06
3.97	3.86321e-06
3.975	3.90074e-06
3.98	3.98703e-06
3.985	4.11734e-06
3.99	4.23214e-06
3.995	4.33076e-06
4	4.39094e-06
4.005	4.40357e-06
4.01	4.37791e-06
4.015	4.32453e-06
4.02	4.25665e-06
4.025	4.19038e-06
4.03	4.15144e-06
4.035	4.10902e-06
4.04	4.05686e-06
4.045	4.00648e-06
4.05	3.94729e-06
4.055	3.89732e-06
4.06	3.86461e-06
4.065	3.86865e-06
4.07	3.91273e-06
4.075	4.008e-06
4.08	4.14018e-06
4.085	4.25131e-06
4.09	4.3437e-06
4.095	4.39643e-06
4.1	4.40317e-06
4.105	4.37051e-06
4.11	4.31353e-06
4.115	4.24632e-06
4.12	4.18432e-06
4.125	4.14845e-06
4.13	4.10411e-06
4.135	4.05186e-06
4.14	4.00059e-06
4.145	3.94096e-06
4.15	3.89278e-06
4.155	3.86317e-06
4.16	3.87888e-06
4.165	3.92569e-06
4.17	4.02676e-06
4.175	4.15998e-06
4.18	4.26666e-06
4.185	4.35328e-06
4.19	4.39729e-06
4.195	4.39994e-06
4.2	4.36203e-06
4.205	4.30355e-06
4.21	4.23688e-06
4.215	4.17971e-06
4.22	4.13963e-06
4.225	4.09014e-06
4.23	4.04316e-06
4.235	3.99245e-06
4.24	3.93363e-06
4.245	3.88855e-06
4.25	3.86225e-06
4.255	3.88024e-06
4.26	3.93671e-06
4.265	4.04409e-06
4.27	4.16171e-06
4.275	4.27675e-06
4.28	4.36078e-06
4.285	4.40002e-06
4.29	4.3952e-06
4.295	4.35513e-06
4.3	4.29354e-06
4.305	4.22584e-06
4.31	4.17174e-06
4.315	4.13453e-06
4.32	4.08438e-06
4.325	4.03641e-06
4.33	3.98582e-06
4.335	3.92654e-06
4.34	3.88077e-06
4.345	3.86014e-06
4.35	3.88217e-06
4.355	3.95026e-06
4.36	4.06257e-06
4.365	4.17977e-06
4.37	4.29333e-06
4.375	4.37154e-06
4.38	4.40236e-06
4.385	4.39314e-06
4.39	4.34569e-06
4.395	4.28604e-06
4.4	4.21734e-06
4.405	4.16679e-06
4.41	4.13083e-06
4.415	4.0785e-06
4.42	4.02968e-06
4.425	3.97139e-06
4.43	3.91917e-06
4.435	3.8749e-06
4.44	3.86052e-06
4.445	3.8899e-06
4.45	3.96046e-06
4.455	4.07949e-06
4.46	4.19747e-06
4.465	4.30593e-06
4.47	4.37862e-06
4.475	4.40323e-06
4.48	4.38807e-06
4.485	4.33773e-06
4.49	4.27734e-06
4.495	4.20512e-06
4.5	4.16099e-06
4.505	4.12002e-06
4.51	4.07322e-06
4.515	4.02304e-06
4.52	3.96409e-06
4.525	3.91122e-06
4.53	3.8707e-06
4.535	3.86193e-06
4.54	3.89393e-06
4.545	3.97167e-06
4.55	4.09788e-06
4.555	4.21491e-06
4.56	4.319e-06
4.565	4.38525e-06
4.57	4.40421e-06
4.575	4.38194e-06
4.58	4.32972e-06
4.585	4.26317e-06
4.59	4.19641e-06
4.595	4.15452e-06
4.6	4.11407e-06
4.605	4.06208e-06
4.61	4.01408e-06
4.615	3.95506e-06
4.62	3.90413e-06
4.625	3.86623e-06
4.63	3.86341e-06
4.635	3.90113e-06
4.64	3.98773e-06
4.645	4.11815e-06
4.65	4.23282e-06
4.655	4.3312e-06
4.66	4.39095e-06
4.665	4.40354e-06
4.67	4.37763e-06
4.675	4.32414e-06
4.68	4.25631e-06
4.685	4.19013e-06
4.69	4.15132e-06
4.695	4.10888e-06
4.7	4.05669e-06
4.705	4.0062e-06
4.71	3.947e-06
4.715	3.89711e-06
4.72	3.86458e-06
4.725	3.86884e-06
4.73	3.91322e-06
4.735	4.00872e-06
4.74	4.14092e-06
4.745	4.25198e-06
4.75	4.34408e-06
4.755	4.39659e-06
4.76	4.40305e-06
4.765	4.37021e-06
4.77	4.31318e-06
4.775	4.24595e-06
4.78	4.1841e-06
4.785	4.14836e-06
4.79	4.10395e-06
4.795	4.05165e-06
4.8	4.00032e-06
4.805	3.94073e-06
4.81	3.8926e-06
4.815	3.86306e-06
4.82	3.87905e-06
4.825	3.9261e-06
4.83	4.0273e-06
4.835	4.16073e-06
4.84	4.26723e-06
4.845	4.35365e-06
4.85	4.39745e-06
4.855	4.39982e-06
4.86	4.36173e-06
4.865	4.30314e-06
4.87	4.23529e-06
4.875	4.17831e-06
4.88	4.13897e-06
4.885	4.08963e-06
4.89	4.04277e-06
4.895	3.99216e-06
4.9	3.93341e-06
4.905	3.88855e-06
4.91	3.86249e-06
4.915	3.88067e-06
4.92	3.9373e-06
4.925	4.04482e-06
4.93	4.16236e-06
4.935	4.27723e-06
4.94	4.36101e-06
4.945	4.40008e-06
4.95	4.39499e-06
4.955	4.35469e-06
4.96	4.29304e-06
4.965	4.22531e-06
4.97	4.17132e-06
4.975	4.13428e-06
4.98	4.08398e-06
4.985	4.03598e-06
4.99	3.98548e-06
4.995	3.92625e-06
5	3.88058e-06
5.005	3.86025e-06
5.01	3.88256e-06
5.015	3.95104e-06
5.02	4.06355e-06
5.025	4.18066e-06
5.03	4.294e-06
5.035	4.37187e-06
5.04	4.4024e-06
5.045	4.39287e-06
5.05	4.34527e-06
5.055	4.28563e-06
5.06	4.21694e-06
5.065	4.16648e-06
5.07	4.13061e-06
5.075	4.07827e-06
5.08	4.02942e-06
5.085	3.97121e-06
5.09	3.91894e-06
5.095	3.87477e-06
5.1	3.86071e-06
5.105	3.89043e-06
5.11	3.96122e-06
5.115	4.08041e-06
5.12	4.1983e-06
5.125	4.30652e-06
5.13	4.37886e-06
5.135	4.40324e-06
5.14	4.38779e-06
5.145	4.33731e-06
5.15	4.27691e-06
5.155	4.20475e-06
5.16	4.16067e-06
5.165	4.11982e-06
5.17	4.07299e-06
5.175	4.02277e-06
5.18	3.96377e-06
5.185	3.91099e-06
5.19	3.87065e-06
5.195	3.8621e-06
5.2	3.89441e-06
5.205	3.97244e-06
5.21	4.09879e-06
5.215	4.21563e-06
5.22	4.31943e-06
5.225	4.38542e-06
5.23	4.40414e-06
5.235	4.38161e-06
5.24	4.32931e-06
5.245	4.26279e-06
5.25	4.19594e-06
5.255	4.15432e-06
5.26	4.11382e-06
5.265	4.06182e-06
5.27	4.01373e-06
5.275	3.95472e-06
5.28	3.90366e-06
5.285	3.86619e-06
5.29	3.86374e-06
5.295	3.90175e-06
5.3	3.98863e-06
5.305	4.11914e-06
5.31	4.23359e-06
5.315	4.33176e-06
5.32	4.39109e-06
5.325	4.40327e-06
5.33	4.37724e-06
5.335	4.32363e-06
5.34	4.25585e-06
5.345	4.18978e-06
5.35	4.15088e-06
5.355	4.10849e-06
5.36	4.05632e-06
5.365	4.00579e-06
5.37	3.94656e-06
5.375	3.89673e-06
5.38	3.86421e-06
5.385	3.86871e-06
5.39	3.91341e-06
5.395	4.00935e-06
5.4	4.14204e-06
5.405	4.25274e-06
5.41	4.34468e-06
5.415	4.39693e-06
5.42	4.40318e-06
5.425	4.37006e-06
5.43	4.31289e-06
5.435	4.24562e-06
5.44	4.18391e-06
5.445	4.14824e-06
5.45	4.10378e-06
5.455	4.05143e-06
5.46	4.00004e-06
5.465	3.9404e-06
5.47	3.89235e-06
5.475	3.86301e-06
5.48	3.87935e-06
5.485	3.92668e-06
5.49	4.02818e-06
5.495	4.16168e-06
5.5	4.26796e-06
5.505	4.35407e-06
5.51	4.39762e-06
5.515	4.39964e-06
5.52	4.36138e-06
5.525	4.30232e-06
5.53	4.23492e-06
5.535	4.17805e-06
5.54	4.13864e-06
5.545	4.08943e-06
5.55	4.04251e-06
5.555	3.9919e-06
5.56	3.93317e-06
5.565	3.88825e-06
5.57	3.86246e-06
5.575	3.88058e-06
5.58	3.93795e-06
5.585	4.04573e-06
5.59	4.16323e-06
5.595	4.27792e-06
5.6	4.36142e-06
5.605	4.40017e-06
5.61	4.39477e-06
5.615	4.35429e-06
5.62	4.29257e-06
5.625	4.22483e-06
5.63	4.17106e-06
5.635	4.13409e-06
5.64	4.08374e-06
5.645	4.03559e-06
5.65	3.98512e-06
5.655	3.92589e-06
5.66	3.88035e-06
5.665	3.8602e-06
5.67	3.88281e-06
5.675	3.9516e-06
5.68	4.06444e-06
5.685	4.18155e-06
5.69	4.29469e-06
5.695	4.37231e-06
5.7	4.40261e-06
5.705	4.39276e-06
5.71	4.34499e-06
5.715	4.28506e-06
5.72	4.21657e-06
5.725	4.16622e-06
5.73	4.13034e-06
5.735	4.07791e-06
5.74	4.029e-06
5.745	3.97058e-06
5.75	3.91846e-06
5.755	3.87448e-06
5.76	3.86073e-06
5.765	3.89074e-06
5.77	3.96192e-06
5.775	4.08135e-06
5.78	4.19915e-06
5.785	4.30713e-06
5.79	4.37922e-06
5.795	4.40331e-06
5.8	4.38756e-06
5.805	4.33693e-06
5.81	4.27125e-06
5.815	4.20269e-06
5.82	4.15952e-06
5.825	4.11916e-06
5.83	4.0726e-06
5.835	4.02268e-06
5.84	3.96349e-06
5.845	3.91043e-06
5.85	3.87011e-06
5.855	3.86189e-06
5.86	3.89458e-06
5.865	3.97305e-06
5.87	4.09958e-06
5.875	4.21633e-06
5.88	4.31994e-06
5.885	4.38566e-06
5.89	4.404e-06
5.895	4.38122e-06
5.9	4.32878e-06
5.905	4.2622e-06
5.91	4.19543e-06
5.915	4.15404e-06
5.92	4.11347e-06
5.925	4.06149e-06
5.93	4.01341e-06
5.935	3.95436e-06
5.94	3.90345e-06
5.945	3.86618e-06
5.95	3.86405e-06
5.955	3.90238e-06
5.96	3.98957e-06
5.965	4.12027e-06
5.97	4.23461e-06
5.975	4.33252e-06
5.98	4.39154e-06
5.985	4.40345e-06
5.99	4.37714e-06
5.995	4.3234e-06
6	4.25565e-06
6.005	4.18968e-06
6.01	4.15086e-06
6.015	4.10837e-06
6.02	4.05615e-06
6.025	4.0056e-06
6.03	3.94633e-06
6.035	3.8965e-06
6.04	3.86416e-06
6.045	3.86896e-06
6.05	3.91343e-06
6.055	4.01016e-06
6.06	4.14294e-06
6.065	4.2536e-06
6.07	4.34526e-06
6.075	4.39718e-06
6.08	4.40311e-06
6.085	4.36974e-06
6.09	4.31248e-06
6.095	4.2452e-06
6.1	4.18372e-06
6.105	4.14816e-06
6.11	4.10363e-06
6.115	4.05124e-06
6.12	3.9998e-06
6.125	3.94002e-06
6.13	3.89217e-06
6.135	3.86298e-06
6.14	3.87955e-06
6.145	3.92728e-06
6.15	4.02911e-06
6.155	4.16264e-06
6.16	4.26874e-06
6.165	4.35454e-06
6.17	4.39772e-06
6.175	4.39956e-06
6.18	4.36111e-06
6.185	4.30192e-06
6.19	4.23455e-06
6.195	4.17777e-06
6.2	4.13847e-06
6.205	4.08924e-06
6.21	4.0422e-06
6.215	3.99156e-06
6.22	3.93283e-06
6.225	3.88805e-06
6.23	3.8625e-06
6.235	3.88093e-06
6.24	3.93858e-06
6.245	4.04662e-06
6.25	4.16416e-06
6.255	4.27861e-06
6.26	4.36175e-06
6.265	4.40021e-06
6.27	4.39452e-06
6.275	4.3539e-06
6.28	4.29215e-06
6.285	4.22442e-06
6.29	4.17079e-06
6.295	4.13389e-06
6.3	4.0835e-06
6.305	4.03537e-06
6.31	3.98484e-06
6.315	3.92562e-06
6.32	3.88021e-06
6.325	3.86029e-06
6.33	3.88313e-06
6.335	3.95066e-06
6.34	4.06486e-06
6.345	4.18209e-06
6.35	4.29479e-06
6.355	4.37212e-06
6.36	4.40213e-06
6.365	4.39204e-06
6.37	4.34428e-06
6.375	4.28434e-06
6.38	4.21614e-06
6.385	4.16607e-06
6.39	4.13039e-06
6.395	4.07776e-06
6.4	4.02877e-06
6.405	3.97026e-06
6.41	3.91815e-06
6.415	3.87438e-06
6.42	3.86101e-06
6.425	3.89137e-06
6.43	3.96287e-06
6.435	4.08252e-06
6.44	4.20019e-06
6.445	4.30781e-06
6.45	4.37956e-06
6.455	4.40333e-06
6.46	4.38724e-06
6.465	4.33648e-06
6.47	4.27073e-06
6.475	4.20226e-06
6.48	4.15931e-06
6.485	4.11888e-06
6.49	4.07223e-06
6.495	4.02226e-06
6.5	3.96299e-06
6.505	3.9101e-06
6.51	3.86993e-06
6.515	3.8622e-06
6.52	3.89519e-06
6.525	3.97406e-06
6.53	4.10074e-06
6.535	4.21727e-06
6.54	4.32054e-06
6.545	4.38581e-06
6.55	4.4039e-06
6.555	4.38076e-06
6.56	4.32821e-06
6.565	4.26169e-06
6.57	4.19506e-06
6.575	4.15378e-06
6.58	4.11323e-06
6.585	4.06124e-06
6.59	4.01306e-06
6.595	3.95398e-06
6.6	3.90312e-06
6.605	3.86626e-06
6.61	3.86453e-06
6.615	3.9033e-06
6.62	3.99073e-06
6.625	4.12154e-06
6.63	4.23571e-06
6.635	4.33322e-06
6.64	4.39188e-06
6.645	4.40343e-06
6.65	4.37676e-06
6.655	4.32288e-06
6.66	4.25505e-06
6.665	4.18926e-06
6.67	4.15062e-06
6.675	4.10807e-06
6.68	4.05589e-06
6.685	4.00527e-06
6.69	3.94602e-06
6.695	3.89629e-06
6.7	3.86415e-06
6.705	3.86932e-06
6.71	3.91413e-06
6.715	4.01123e-06
6.72	4.144e-06
6.725	4.25447e-06
6.73	4.34577e-06
6.735	4.39432e-06
6.74	4.4027e-06
6.745	4.36888e-06
6.75	4.31215e-06
6.755	4.2444e-06
6.76	4.18334e-06
6.765	4.14781e-06
6.77	4.10325e-06
6.775	4.05065e-06
6.78	3.99911e-06
6.785	3.93921e-06
6.79	3.89151e-06
6.795	3.86242e-06
6.8	3.87963e-06
6.805	3.9279e-06
6.81	4.03017e-06
6.815	4.16385e-06
6.82	4.26974e-06
6.825	4.35525e-06
6.83	4.39809e-06
6.835	4.39953e-06
6.84	4.36079e-06
6.845	4.30149e-06
6.85	4.2341e-06
6.855	4.17754e-06
6.86	4.13834e-06
6.865	4.08897e-06
6.87	4.04184e-06
6.875	3.99114e-06
6.88	3.93247e-06
6.885	3.88774e-06
6.89	3.86247e-06
6.895	3.88124e-06
6.9	3.93929e-06
6.905	4.04768e-06
6.91	4.16509e-06
6.915	4.27946e-06
6.92	4.36219e-06
6.925	4.40042e-06
6.93	4.39437e-06
6.935	4.3535e-06
6.94	4.29169e-06
6.945	4.22395e-06
6.95	4.1705e-06
6.955	4.13371e-06
6.96	4.08314e-06
6.965	4.03501e-06
6.97	3.98442e-06
6.975	3.92523e-06
6.98	3.87983e-06
6.985	3.86027e-06
6.99	3.88347e-06
6.995	3.95136e-06
7	4.06588e-06
7.005	4.18309e-06
7.01	4.29559e-06
7.015	4.37262e-06
7.02	4.40226e-06
7.025	4.39182e-06
7.03	4.3439e-06
7.035	4.28399e-06
7.04	4.21555e-06
7.045	4.16568e-06
7.05	4.13013e-06
7.055	4.07742e-06
7.06	4.02842e-06
7.065	3.9699e-06
7.07	3.9178e-06
7.075	3.87418e-06
7.08	3.86119e-06
7.085	3.8887e-06
7.09	3.96145e-06
7.095	4.08257e-06
7.1	4.20046e-06
7.105	4.30787e-06
7.11	4.37938e-06
7.115	4.40291e-06
7.12	4.38644e-06
7.125	4.33559e-06
7.13	4.26978e-06
7.135	4.20139e-06
7.14	4.15859e-06
7.145	4.11813e-06
7.15	4.07158e-06
7.155	4.02176e-06
7.16	3.96256e-06
7.165	3.9097e-06
7.17	3.86956e-06
7.175	3.86212e-06
7.18	3.8954e-06
7.185	3.97467e-06
7.19	4.10159e-06
7.195	4.21793e-06
7.2	4.32083e-06
7.205	4.38568e-06
7.21	4.4034e-06
7.215	4.37997e-06
7.22	4.32741e-06
7.225	4.26086e-06
7.23	4.19451e-06
7.235	4.15357e-06
7.24	4.11292e-06
7.245	4.06087e-06
7.25	4.0127e-06
7.255	3.95362e-06
7.26	3.90238e-06
7.265	3.86618e-06
7.27	3.86491e-06
7.275	3.9041e-06
7.28	3.99193e-06
7.285	4.12262e-06
7.29	4.23665e-06
7.295	4.33366e-06
7.3	4.39197e-06
7.305	4.40321e-06
7.31	4.37619e-06
7.315	4.3212e-06
7.32	4.25363e-06
7.325	4.18878e-06
7.33	4.15055e-06
7.335	4.10787e-06
7.34	4.05571e-06
7.345	4.00507e-06
7.35	3.94578e-06
7.355	3.89609e-06
7.36	3.86418e-06
7.365	3.86966e-06
7.37	3.91473e-06
7.375	4.01214e-06
7.38	4.14499e-06
7.385	4.25528e-06
7.39	4.34616e-06
7.395	4.39438e-06
7.4	4.40232e-06
7.405	4.36821e-06
7.41	4.31137e-06
7.415	4.24373e-06
7.42	4.18292e-06
7.425	4.14749e-06
7.43	4.10291e-06
7.435	4.05032e-06
7.44	3.99878e-06
7.445	3.93876e-06
7.45	3.89128e-06
7.455	3.86255e-06
7.46	3.88016e-06
7.465	3.92891e-06
7.47	4.03152e-06
7.475	4.16517e-06
7.48	4.27072e-06
7.485	4.35573e-06
7.49	4.3982e-06
7.495	4.39917e-06
7.5	4.36022e-06
7.505	4.30088e-06
7.51	4.23341e-06
7.515	4.17708e-06
7.52	4.13796e-06
7.525	4.08859e-06
7.53	4.04106e-06
7.535	3.99068e-06
7.54	3.93205e-06
7.545	3.88664e-06
7.55	3.8626e-06
7.555	3.88149e-06
7.56	3.94018e-06
7.565	4.04907e-06
7.57	4.16659e-06
7.575	4.28071e-06
7.58	4.36304e-06
7.585	4.40083e-06
7.59	4.39434e-06
7.595	4.35429e-06
7.6	4.29174e-06
7.605	4.22296e-06
7.61	4.1698e-06
7.615	4.13315e-06
7.62	4.08238e-06
7.625	4.03415e-06
7.63	3.98354e-06
7.635	3.92439e-06
7.64	3.87932e-06
7.645	3.86027e-06
7.65	3.8839e-06
7.655	3.95218e-06
7.66	4.0669e-06
7.665	4.184e-06
7.67	4.29605e-06
7.675	4.37263e-06
7.68	4.40184e-06
7.685	4.391e-06
7.69	4.34293e-06
7.695	4.28396e-06
7.7	4.21548e-06
7.705	4.16544e-06
7.71	4.12977e-06
7.715	4.07693e-06
7.72	4.02789e-06
7.725	3.96933e-06
7.73	3.91733e-06
7.735	3.87382e-06
7.74	3.86129e-06
7.745	3.88925e-06
7.75	3.96246e-06
7.755	4.08386e-06
7.76	4.20162e-06
7.765	4.30871e-06
7.77	4.37981e-06
7.775	4.40287e-06
7.78	4.38605e-06
7.785	4.33505e-06
7.79	4.26929e-06
7.795	4.201e-06
7.8	4.15837e-06
7.805	4.11782e-06
7.81	4.07126e-06
7.815	4.02146e-06
7.82	3.96211e-06
7.825	3.90925e-06
7.83	3.8692e-06
7.835	3.86201e-06
7.84	3.89571e-06
7.845	3.97553e-06
7.85	4.10282e-06
7.855	4.21907e-06
7.86	4.32173e-06
7.865	4.38621e-06
7.87	4.40354e-06
7.875	4.37976e-06
7.88	4.32706e-06
7.885	4.26047e-06
7.89	4.19422e-06
7.895	4.15338e-06
7.9	4.11238e-06
7.905	4.06043e-06
7.91	4.01224e-06
7.915	3.95314e-06
7.92	3.90203e-06
7.925	3.86596e-06
7.93	3.86499e-06
7.935	3.90453e-06
7.94	3.99285e-06
7.945	4.12396e-06
7.95	4.23772e-06
7.955	4.33438e-06
7.96	4.39227e-06
7.965	4.4031e-06
7.97	4.37584e-06
7.975	4.31979e-06
7.98	4.25207e-06
7.985	4.18824e-06
7.99	4.1504e-06
7.995	4.10759e-06
8	4.05541e-06
8.005	4.00481e-06
8.01	3.9455e-06
8.015	3.89584e-06
8.02	3.86399e-06
8.025	3.86971e-06
8.03	3.91507e-06
8.035	4.01299e-06
8.04	4.14598e-06
8.045	4.25615e-06
8.05	4.34666e-06
8.055	4.3946e-06
8.06	4.40217e-06
8.065	4.3678e-06
8.07	4.3108e-06
8.075	4.24312e-06
8.08	4.1825e-06
8.085	4.14723e-06
8.09	4.1026e-06
8.095	4.0497e-06
8.1	3.99821e-06
8.105	3.93839e-06
8.11	3.89103e-06
8.115	3.86257e-06
8.12	3.88057e-06
8.125	3.93019e-06
8.13	4.03287e-06
8.135	4.1664e-06
8.14	4.27152e-06
8.145	4.35624e-06
8.15	4.39836e-06
8.155	4.39889e-06
8.16	4.3597e-06
8.165	4.30036e-06
8.17	4.23286e-06
8.175	4.17618e-06
8.18	4.13766e-06
8.185	4.08828e-06
8.19	4.04074e-06
8.195	3.99039e-06
8.2	3.9318e-06
8.205	3.88655e-06
8.21	3.8629e-06
8.215	3.88223e-06
8.22	3.94129e-06
8.225	4.05033e-06
8.23	4.16771e-06
8.235	4.28147e-06
8.24	4.36341e-06
8.245	4.40081e-06
8.25	4.39392e-06
8.255	4.35365e-06
8.26	4.29247e-06
8.265	4.22362e-06
8.27	4.16964e-06
8.275	4.13277e-06
8.28	4.08191e-06
8.285	4.03358e-06
8.29	3.98299e-06
8.295	3.92372e-06
8.3	3.87904e-06
8.305	3.86057e-06
8.31	3.88472e-06
8.315	3.95038e-06
8.32	4.06621e-06
8.325	4.1838e-06
8.33	4.29556e-06
8.335	4.37178e-06
8.34	4.40065e-06
8.345	4.38957e-06
8.35	4.34163e-06
8.355	4.28303e-06
8.36	4.21497e-06
8.365	4.16528e-06
8.37	4.12979e-06
8.375	4.07679e-06
8.38	4.02764e-06
8.385	3.96898e-06
8.39	3.91702e-06
8.395	3.87381e-06
8.4	3.86527e-06
8.405	3.89171e-06
8.41	3.96407e-06
8.415	4.08599e-06
8.42	4.20373e-06
8.425	4.31017e-06
8.43	4.38068e-06
8.435	4.40315e-06
8.44	4.38581e-06
8.445	4.33454e-06
8.45	4.26868e-06
8.455	4.20058e-06
8.46	4.15814e-06
8.465	4.11749e-06
8.47	4.07083e-06
8.475	4.02095e-06
8.48	3.9615e-06
8.485	3.90869e-06
8.49	3.86894e-06
8.495	3.86226e-06
8.5	3.89672e-06
8.505	3.97703e-06
8.51	4.10461e-06
8.515	4.22073e-06
8.52	4.32297e-06
8.525	4.38697e-06
8.53	4.40391e-06
8.535	4.37984e-06
8.54	4.32684e-06
8.545	4.26016e-06
8.55	4.19396e-06
8.555	4.1532e-06
8.56	4.11199e-06
8.565	4.06001e-06
8.57	4.01174e-06
8.575	3.95172e-06
8.58	3.90136e-06
8.585	3.86568e-06
8.59	3.86533e-06
8.595	3.90527e-06
8.6	3.99408e-06
8.605	4.12539e-06
8.61	4.2389e-06
8.615	4.33513e-06
8.62	4.39233e-06
8.625	4.40297e-06
8.63	4.37408e-06
8.635	4.31911e-06
8.64	4.25231e-06
8.645	4.18797e-06
8.65	4.15008e-06
8.655	4.10726e-06
8.66	4.05509e-06
8.665	4.00447e-06
8.67	3.94507e-06
8.675	3.89559e-06
8.68	3.86404e-06
8.685	3.87025e-06
8.69	3.91601e-06
8.695	4.01439e-06
8.7	4.14746e-06
8.705	4.25737e-06
8.71	4.34743e-06
8.715	4.39495e-06
8.72	4.40201e-06
8.725	4.36721e-06
8.73	4.31005e-06
8.735	4.24234e-06
8.74	4.18193e-06
8.745	4.14696e-06
8.75	4.10219e-06
8.755	4.04923e-06
8.76	3.99776e-06
8.765	3.93788e-06
8.77	3.89064e-06
8.775	3.86241e-06
8.78	3.88082e-06
8.785	3.93091e-06
8.79	4.0341e-06
8.795	4.16777e-06
8.8	4.27266e-06
8.805	4.357e-06
8.81	4.39861e-06
8.815	4.3987e-06
8.82	4.35907e-06
8.825	4.29962e-06
8.83	4.23206e-06
8.835	4.17553e-06
8.84	4.13707e-06
8.845	4.08768e-06
8.85	4.04007e-06
8.855	3.98968e-06
8.86	3.93114e-06
8.865	3.88513e-06
8.87	3.86273e-06
8.875	3.88255e-06
8.88	3.94205e-06
8.885	4.05132e-06
8.89	4.16859e-06
8.895	4.28197e-06
8.9	4.36346e-06
8.905	4.40045e-06
8.91	4.39318e-06
8.915	4.35276e-06
8.92	4.29163e-06
8.925	4.22281e-06
8.93	4.1693e-06
8.935	4.13261e-06
8.94	4.08174e-06
8.945	4.0334e-06
8.95	3.98278e-06
8.955	3.92351e-06
8.96	3.87895e-06
8.965	3.86074e-06
8.97	3.88534e-06
8.975	3.9515e-06
8.98	4.0678e-06
8.985	4.18542e-06
8.99	4.29657e-06
8.995	4.37266e-06
9	4.40114e-06
9.005	4.38962e-06
9.01	4.34127e-06
9.015	4.28273e-06
9.02	4.21464e-06
9.025	4.16522e-06
9.03	4.12973e-06
9.035	4.07651e-06
9.04	4.02727e-06
9.045	3.96857e-06
9.05	3.91663e-06
9.055	3.87356e-06
9.06	3.86545e-06
9.065	3.89232e-06
9.07	3.96521e-06
9.075	4.08745e-06
9.08	4.20507e-06
9.085	4.31117e-06
9.09	4.38118e-06
9.095	4.40321e-06
9.1	4.38548e-06
9.105	4.33399e-06
9.11	4.26811e-06
9.115	4.19996e-06
9.12	4.15776e-06
9.125	4.11707e-06
9.13	4.0704e-06
9.135	4.02047e-06
9.14	3.9609e-06
9.145	3.90811e-06
9.15	3.86856e-06
9.155	3.86229e-06
9.16	3.89716e-06
9.165	3.97808e-06
9.17	4.10607e-06
9.175	4.222e-06
9.18	4.32393e-06
9.185	4.38743e-06
9.19	4.40395e-06
9.195	4.37955e-06
9.2	4.32632e-06
9.205	4.25968e-06
9.21	4.19364e-06
9.215	4.15303e-06
9.22	4.11166e-06
9.225	4.05966e-06
9.23	4.01126e-06
9.235	3.95122e-06
9.24	3.90094e-06
9.245	3.86557e-06
9.25	3.86571e-06
9.255	3.90604e-06
9.26	3.99534e-06
9.265	4.1269e-06
9.27	4.24018e-06
9.275	4.33595e-06
9.28	4.39272e-06
9.285	4.40293e-06
9.29	4.37373e-06
9.295	4.31754e-06
9.3	4.25068e-06
9.305	4.18744e-06
9.31	4.14992e-06
9.315	4.10699e-06
9.32	4.05479e-06
9.325	4.00413e-06
9.33	3.94469e-06
9.335	3.89525e-06
9.34	3.86384e-06
9.345	3.87046e-06
9.35	3.91657e-06
9.355	4.0154e-06
9.36	4.14866e-06
9.365	4.25762e-06
9.37	4.34788e-06
9.375	4.3951e-06
9.38	4.40172e-06
9.385	4.36607e-06
9.39	4.3093e-06
9.395	4.24154e-06
9.4	4.18143e-06
9.405	4.14661e-06
9.41	4.10179e-06
9.415	4.04883e-06
9.42	3.99734e-06
9.425	3.93745e-06
9.43	3.89035e-06
9.435	3.86244e-06
9.44	3.88137e-06
9.445	3.93197e-06
9.45	4.03557e-06
9.455	4.16924e-06
9.46	4.27374e-06
9.465	4.35768e-06
9.47	4.39888e-06
9.475	4.39849e-06
9.48	4.35871e-06
9.485	4.29895e-06
9.49	4.23138e-06
9.495	4.17509e-06
9.5	4.1368e-06
9.505	4.08732e-06
9.51	4.03962e-06
9.515	3.98921e-06
9.52	3.9307e-06
9.525	3.88487e-06
9.53	3.86272e-06
9.535	3.88307e-06
9.54	3.94785e-06
9.545	4.05548e-06
9.55	4.17192e-06
9.555	4.28504e-06
9.56	4.36594e-06
9.565	4.40248e-06
9.57	4.39449e-06
9.575	4.3534e-06
9.58	4.29162e-06
9.585	4.2223e-06
9.59	4.16867e-06
9.595	4.13208e-06
9.6	4.08118e-06
9.605	4.03287e-06
9.61	3.98226e-06
9.615	3.92291e-06
9.62	3.87836e-06
9.625	3.86021e-06
9.63	3.88512e-06
9.635	3.95172e-06
9.64	4.06856e-06
9.645	4.18636e-06
9.65	4.29735e-06
9.655	4.3734e-06
9.66	4.40167e-06
9.665	4.38987e-06
9.67	4.34136e-06
9.675	4.28273e-06
9.68	4.2144e-06
9.685	4.16509e-06
9.69	4.12951e-06
9.695	4.07625e-06
9.7	4.02699e-06
9.705	3.96825e-06
9.71	3.91611e-06
9.715	3.87306e-06
9.72	3.86504e-06
9.725	3.89214e-06
9.73	3.96538e-06
9.735	4.08807e-06
9.74	4.20586e-06
9.745	4.31189e-06
9.75	4.38168e-06
9.755	4.40355e-06
9.76	4.38556e-06
9.765	4.33388e-06
9.77	4.2678e-06
9.775	4.1997e-06
9.78	4.15758e-06
9.785	4.11676e-06
9.79	4.065e-06
9.795	4.01848e-06
9.8	3.95963e-06
9.805	3.90743e-06
9.81	3.86786e-06
9.815	3.86183e-06
9.82	3.89614e-06
9.825	3.97812e-06
9.83	4.10674e-06
9.835	4.22292e-06
9.84	4.32482e-06
9.845	4.38809e-06
9.85	4.40429e-06
9.855	4.37958e-06
9.86	4.32619e-06
9.865	4.25934e-06
9.87	4.19338e-06
9.875	4.15277e-06
9.88	4.11123e-06
9.885	4.05917e-06
9.89	4.01064e-06
9.895	3.95037e-06
9.9	3.89994e-06
9.905	3.86454e-06
9.91	3.86497e-06
9.915	3.90571e-06
9.92	3.99571e-06
9.925	4.12775e-06
9.93	4.24114e-06
9.935	4.33683e-06
9.94	4.39334e-06
9.945	4.40333e-06
9.95	4.37387e-06
9.955	4.31755e-06
9.96	4.25067e-06
9.965	4.18751e-06
9.97	4.1501e-06
9.975	4.10713e-06
9.98	4.05495e-06
9.985	4.0041e-06
9.99	3.94475e-06
9.995	3.89534e-06
10	3.86404e-06
10.005	3.87089e-06
10.01	3.9172e-06
10.015	4.01613e-06
10.02	4.14935e-06
10.025	4.2581e-06
10.03	4.34809e-06
10.035	4.3951e-06
10.04	4.40157e-06
10.045	4.36578e-06
10.05	4.30887e-06
10.055	4.2414e-06
10.06	4.18151e-06
10.065	4.14686e-06
10.07	4.10205e-06
10.075	4.04907e-06
10.08	3.99748e-06
10.085	3.93761e-06
10.09	3.89058e-06
10.095	3.86278e-06
10.1	3.88197e-06
10.105	3.93276e-06
10.11	4.03647e-06
10.115	4.17031e-06
10.12	4.27466e-06
10.125	4.35834e-06
10.13	4.39929e-06
10.135	4.39867e-06
10.14	4.3587e-06
10.145	4.29893e-06
10.15	4.2313e-06
10.155	4.17507e-06
10.16	4.13684e-06
10.165	4.08729e-06
10.17	4.03952e-06
10.175	3.98909e-06
10.18	3.93057e-06
10.185	3.88478e-06
10.19	3.86284e-06
10.195	3.88342e-06
10.2	3.94844e-06
10.205	4.05619e-06
10.21	4.17092e-06
10.215	4.28514e-06
10.22	4.36599e-06
10.225	4.40251e-06
10.23	4.39438e-06
10.235	4.35311e-06
10.24	4.2913e-06
10.245	4.22193e-06
10.25	4.16846e-06
10.255	4.13189e-06
10.26	4.08092e-06
10.265	4.0326e-06
10.27	3.98206e-06
10.275	3.92271e-06
10.28	3.8782e-06
10.285	3.86022e-06
10.29	3.88531e-06
10.295	3.95224e-06
10.3	4.0692e-06
10.305	4.18702e-06
10.31	4.29784e-06
10.315	4.3736e-06
10.32	4.40165e-06
10.325	4.38963e-06
10.33	4.34103e-06
10.335	4.28237e-06
10.34	4.21407e-06
10.345	4.1645e-06
10.35	4.12933e-06
10.355	4.07598e-06
10.36	4.02676e-06
10.365	3.96804e-06
10.37	3.91519e-06
10.375	3.87294e-06
10.38	3.86508e-06
10.385	3.8925e-06
10.39	3.96595e-06
10.395	4.08877e-06
10.4	4.20653e-06
10.405	4.31235e-06
10.41	4.38189e-06
10.415	4.40355e-06
10.42	4.38534e-06
10.425	4.33351e-06
10.43	4.26745e-06
10.435	4.19944e-06
10.44	4.15744e-06
10.445	4.11656e-06
10.45	4.0648e-06
10.455	4.01827e-06
10.46	3.95938e-06
10.465	3.90717e-06
10.47	3.86767e-06
10.475	3.86186e-06
10.48	3.89637e-06
10.485	3.97859e-06
10.49	4.10742e-06
10.495	4.22356e-06
10.5	4.32527e-06
10.505	4.38832e-06
10.51	4.40427e-06
10.515	4.37939e-06
10.52	4.32587e-06
10.525	4.25903e-06
10.53	4.19318e-06
10.535	4.1527e-06
10.54	4.11112e-06
10.545	4.05898e-06
10.55	4.0104e-06
10.555	3.95012e-06
10.56	3.8997e-06
10.565	3.86448e-06
10.57	3.86513e-06
10.575	3.90611e-06
10.58	3.99636e-06
10.585	4.12854e-06
10.59	4.24178e-06
10.595	4.33725e-06
10.6	4.39355e-06
10.605	4.40333e-06
10.61	4.37369e-06
10.615	4.3173e-06
10.62	4.25036e-06
10.625	4.18679e-06
10.63	4.14987e-06
10.635	4.10686e-06
10.64	4.05467e-06
10.645	4.00383e-06
10.65	3.94446e-06
10.655	3.8951e-06
10.66	3.86388e-06
10.665	3.87268e-06
10.67	3.91788e-06
10.675	4.01683e-06
10.68	4.15013e-06
10.685	4.25867e-06
10.69	4.34852e-06
10.695	4.39534e-06
10.7	4.40152e-06
10.705	4.36559e-06
10.71	4.30868e-06
10.715	4.24107e-06
10.72	4.18135e-06
10.725	4.14681e-06
10.73	4.10191e-06
10.735	4.04892e-06
10.74	3.99734e-06
10.745	3.9374e-06
10.75	3.89041e-06
10.755	3.86273e-06
10.76	3.88216e-06
10.765	3.93322e-06
10.77	4.03717e-06
10.775	4.17105e-06
10.78	4.27524e-06
10.785	4.35871e-06
10.79	4.3994e-06
10.795	4.39853e-06
10.8	4.35839e-06
10.805	4.29743e-06
10.81	4.23075e-06
10.815	4.17483e-06
10.82	4.13672e-06
10.825	4.08717e-06
10.83	4.03935e-06
10.835	3.98887e-06
10.84	3.93035e-06
10.845	3.88468e-06
10.85	3.8629e-06
10.855	3.88369e-06
10.86	3.94893e-06
10.865	4.05678e-06
10.87	4.17158e-06
10.875	4.28567e-06
10.88	4.36625e-06
10.885	4.40256e-06
10.89	4.39419e-06
10.895	4.3493e-06
10.9	4.29091e-06
10.905	4.22113e-06
10.91	4.1685e-06
10.915	4.13157e-06
10.92	4.08049e-06
10.925	4.03198e-06
10.93	3.98142e-06
10.935	3.92212e-06
10.94	3.87792e-06
10.945	3.86034e-06
10.95	3.88577e-06
10.955	3.95293e-06
10.96	4.07004e-06
10.965	4.18779e-06
10.97	4.29834e-06
10.975	4.37385e-06
10.98	4.40168e-06
10.985	4.38945e-06
10.99	4.3408e-06
10.995	4.28193e-06
11	4.2088e-06
11.005	4.16272e-06
11.01	4.12265e-06
11.015	4.07553e-06
11.02	4.026e-06
11.025	3.96756e-06
11.03	3.91487e-06
11.035	3.87268e-06
11.04	3.86466e-06
11.045	3.89194e-06
11.05	3.96514e-06
11.055	4.08842e-06
11.06	4.20672e-06
11.065	4.31264e-06
11.07	4.38227e-06
11.075	4.40396e-06
11.08	4.38559e-06
11.085	4.33367e-06
11.09	4.26758e-06
11.095	4.19962e-06
11.1	4.15762e-06
11.105	4.11673e-06
11.11	4.06493e-06
11.115	4.01838e-06
11.12	3.95934e-06
11.125	3.90713e-06
11.13	3.86771e-06
11.135	3.86199e-06
11.14	3.89675e-06
11.145	3.97929e-06
11.15	4.10833e-06
11.155	4.22434e-06
11.16	4.3259e-06
11.165	4.38864e-06
11.17	4.40442e-06
11.175	4.37934e-06
11.18	4.32575e-06
11.185	4.25885e-06
11.19	4.19309e-06
11.195	4.15267e-06
11.2	4.11102e-06
11.205	4.05883e-06
11.21	4.01025e-06
11.215	3.94992e-06
11.22	3.89957e-06
11.225	3.86444e-06
11.23	3.86528e-06
11.235	3.90645e-06
11.24	3.99696e-06
11.245	4.12925e-06
11.25	4.24239e-06
11.255	4.33772e-06
11.26	4.39377e-06
11.265	4.40332e-06
11.27	4.37353e-06
11.275	4.31705e-06
11.28	4.25014e-06
11.285	4.18663e-06
11.29	4.14979e-06
11.295	4.10671e-06
11.3	4.05449e-06
11.305	4.00359e-06
11.31	3.94419e-06
11.315	3.89491e-06
11.32	3.86378e-06
11.325	3.87282e-06
11.33	3.91825e-06
11.335	4.01744e-06
11.34	4.15082e-06
11.345	4.25926e-06
11.35	4.34887e-06
11.355	4.39549e-06
11.36	4.40147e-06
11.365	4.36535e-06
11.37	4.30811e-06
11.375	4.2407e-06
11.38	4.18114e-06
11.385	4.14671e-06
11.39	4.09373e-06
11.395	4.04613e-06
11.4	3.99572e-06
11.405	3.93663e-06
11.41	3.89018e-06
11.415	3.86262e-06
11.42	3.88217e-06
11.425	3.93651e-06
11.43	4.03983e-06
11.435	4.17303e-06
11.44	4.27692e-06
11.445	4.35997e-06
11.45	4.40035e-06
11.455	4.39923e-06
11.46	4.35887e-06
11.465	4.29769e-06
11.47	4.23069e-06
11.475	4.17478e-06
11.48	4.13677e-06
11.485	4.08715e-06
11.49	4.03932e-06
11.495	3.98881e-06
11.5	3.93028e-06
11.505	3.88457e-06
11.51	3.86286e-06
11.515	3.88378e-06
11.52	3.94923e-06
11.525	4.05737e-06
11.53	4.17236e-06
11.535	4.28642e-06
11.54	4.36699e-06
11.545	4.40006e-06
11.55	4.39404e-06
11.555	4.34919e-06
11.56	4.29106e-06
11.565	4.22115e-06
11.57	4.16852e-06
11.575	4.13152e-06
11.58	4.08033e-06
11.585	4.03184e-06
11.59	3.98128e-06
11.595	3.9219e-06
11.6	3.87761e-06
11.605	3.86009e-06
11.61	3.88561e-06
11.615	3.95295e-06
11.62	4.07027e-06
11.625	4.18814e-06
11.63	4.29867e-06
11.635	4.37414e-06
11.64	4.4019e-06
11.645	4.38948e-06
11.65	4.34079e-06
11.655	4.2819e-06
11.66	4.20866e-06
11.665	4.1626e-06
11.67	4.12244e-06
11.675	4.07535e-06
11.68	4.02589e-06
11.685	3.96737e-06
11.69	3.91455e-06
11.695	3.87213e-06
11.7	3.86392e-06
11.705	3.89111e-06
11.71	3.96468e-06
11.715	4.08847e-06
11.72	4.20707e-06
11.725	4.31311e-06
11.73	4.38274e-06
11.735	4.40435e-06
11.74	4.38584e-06
11.745	4.33378e-06
11.75	4.26765e-06
11.755	4.19962e-06
11.76	4.15767e-06
11.765	4.11667e-06
11.77	4.06488e-06
11.775	4.01838e-06
11.78	3.95924e-06
11.785	3.90702e-06
11.79	3.86754e-06
11.795	3.86181e-06
11.8	3.8966e-06
11.805	3.97932e-06
11.81	4.10863e-06
11.815	4.22466e-06
11.82	4.3262e-06
11.825	4.38889e-06
11.83	4.40459e-06
11.835	4.37943e-06
11.84	4.32582e-06
11.845	4.25893e-06
11.85	4.19315e-06
11.855	4.15275e-06
11.86	4.11107e-06
11.865	4.05887e-06
11.87	4.01029e-06
11.875	3.94997e-06
11.88	3.89962e-06
11.885	3.86452e-06
11.89	3.86545e-06
11.895	3.90664e-06
11.9	3.99713e-06
11.905	4.1294e-06
11.91	4.24246e-06
11.915	4.33768e-06
11.92	4.39369e-06
11.925	4.40321e-06
11.93	4.37335e-06
11.935	4.31692e-06
11.94	4.25005e-06
11.945	4.18669e-06
11.95	4.15e-06
11.955	4.10692e-06
11.96	4.05474e-06
11.965	4.00384e-06
11.97	3.94439e-06
11.975	3.89507e-06
11.98	3.86393e-06
11.985	3.87308e-06
11.99	3.91859e-06
11.995	4.01788e-06
12	4.15133e-06
12.005	4.25976e-06
12.01	4.34937e-06
12.015	4.39591e-06
12.02	4.40177e-06
12.025	4.36553e-06
12.03	4.30828e-06
12.035	4.2402e-06
12.04	4.18121e-06
12.045	4.14679e-06
12.05	4.09374e-06
12.055	4.04613e-06
12.06	3.99572e-06
12.065	3.93663e-06
12.07	3.89019e-06
12.075	3.86267e-06
12.08	3.88228e-06
12.085	3.93667e-06
12.09	4.04005e-06
12.095	4.17331e-06
12.1	4.2771e-06
12.105	4.36013e-06
12.11	4.40042e-06
12.115	4.39925e-06
12.12	4.35878e-06
12.125	4.2976e-06
12.13	4.2306e-06
12.135	4.1747e-06
12.14	4.13669e-06
12.145	4.08708e-06
12.15	4.03926e-06
12.155	3.98877e-06
12.16	3.93021e-06
12.165	3.88454e-06
12.17	3.86291e-06
12.175	3.88391e-06
12.18	3.94942e-06
12.185	4.05763e-06
12.19	4.17263e-06
12.195	4.28666e-06
12.2	4.3671e-06
12.205	4.40007e-06
12.21	4.39403e-06
12.215	4.34912e-06
12.22	4.28967e-06
12.225	4.21971e-06
12.23	4.1682e-06
12.235	4.13155e-06
12.24	4.08043e-06
12.245	4.03189e-06
12.25	3.98141e-06
12.255	3.92199e-06
12.26	3.87761e-06
12.265	3.86e-06
12.27	3.88544e-06
12.275	3.95274e-06
12.28	4.07014e-06
12.285	4.18804e-06
12.29	4.29863e-06
12.295	4.37411e-06
12.3	4.40186e-06
12.305	4.38935e-06
12.31	4.34061e-06
12.315	4.28165e-06
12.32	4.20841e-06
12.325	4.16241e-06
12.33	4.12224e-06
12.335	4.07516e-06
12.34	4.02571e-06
12.345	3.96715e-06
12.35	3.91435e-06
12.355	3.87198e-06
12.36	3.86378e-06
12.365	3.89113e-06
12.37	3.96484e-06
12.375	4.08878e-06
12.38	4.20743e-06
12.385	4.31339e-06
12.39	4.38294e-06
12.395	4.40453e-06
12.4	4.38595e-06
12.405	4.33387e-06
12.41	4.26765e-06
12.415	4.19967e-06
12.42	4.15768e-06
12.425	4.11661e-06
12.43	4.0648e-06
12.435	4.01824e-06
12.44	3.95912e-06
12.445	3.90688e-06
12.45	3.86747e-06
12.455	3.86184e-06
12.46	3.89675e-06
12.465	3.97959e-06
12.47	4.10895e-06
12.475	4.22495e-06
12.48	4.32634e-06
12.485	4.38897e-06
12.49	4.40462e-06
12.495	4.37938e-06
12.5	4.32574e-06
12.505	4.25883e-06
12.51	4.19312e-06
12.515	4.15274e-06
12.52	4.11103e-06
12.525	4.0588e-06
12.53	4.01016e-06
12.535	3.94985e-06
12.54	3.89954e-06
12.545	3.86449e-06
12.55	3.86554e-06
12.555	3.90681e-06
12.56	3.99741e-06
12.565	4.12962e-06
12.57	4.24272e-06
12.575	4.33786e-06
12.58	4.39375e-06
12.585	4.4032e-06
12.59	4.37331e-06
12.595	4.31682e-06
12.6	4.24993e-06
12.605	4.18666e-06
12.61	4.14995e-06
12.615	4.1069e-06
12.62	4.0547e-06
12.625	4.00377e-06
12.63	3.94431e-06
12.635	3.89505e-06
12.64	3.86395e-06
12.645	3.87322e-06
12.65	3.91878e-06
12.655	4.01813e-06
12.66	4.15161e-06
12.665	4.25996e-06
12.67	4.34943e-06
12.675	4.39588e-06
12.68	4.40169e-06
12.685	4.36543e-06
12.69	4.30815e-06
12.695	4.24003e-06
12.7	4.1811e-06
12.705	4.14676e-06
12.71	4.09368e-06
12.715	4.04602e-06
12.72	3.99558e-06
12.725	3.93644e-06
12.73	3.88997e-06
12.735	3.86247e-06
12.74	3.88219e-06
12.745	3.93674e-06
12.75	4.0403e-06
12.755	4.17363e-06
12.76	4.27747e-06
12.765	4.36039e-06
12.77	4.40064e-06
12.775	4.39931e-06
12.78	4.35884e-06
12.785	4.29766e-06
12.79	4.23065e-06
12.795	4.17473e-06
12.8	4.13671e-06
12.805	4.08708e-06
12.81	4.03921e-06
12.815	3.98862e-06
12.82	3.93007e-06
12.825	3.88442e-06
12.83	3.86279e-06
12.835	3.88392e-06
12.84	3.94954e-06
12.845	4.05782e-06
12.85	4.17281e-06
12.855	4.28686e-06
12.86	4.36724e-06
12.865	4.40013e-06
12.87	4.39403e-06
12.875	4.34795e-06
12.88	4.29014e-06
12.885	4.2211e-06
12.89	4.16855e-06
12.895	4.13142e-06
12.9	4.08021e-06
12.905	4.03174e-06
12.91	3.98126e-06
12.915	3.92186e-06
12.92	3.87756e-06
12.925	3.86009e-06
12.93	3.88568e-06
12.935	3.95315e-06
12.94	4.07063e-06
12.945	4.1885e-06
12.95	4.29899e-06
12.955	4.3743e-06
12.96	4.40192e-06
12.965	4.38938e-06
12.97	4.34056e-06
12.975	4.28158e-06
12.98	4.20838e-06
12.985	4.16238e-06
12.99	4.12226e-06
12.995	4.07515e-06
13	4.02568e-06
13.005	3.96708e-06
13.01	3.91426e-06
13.015	3.87196e-06
13.02	3.86383e-06
13.025	3.89126e-06
13.03	3.96503e-06
13.035	4.08893e-06
13.04	4.20766e-06
13.045	4.31356e-06
13.05	4.38305e-06
13.055	4.40452e-06
13.06	4.38474e-06
13.065	4.33357e-06
13.07	4.26747e-06
13.075	4.19954e-06
13.08	4.15763e-06
13.085	4.11658e-06
13.09	4.06474e-06
13.095	4.01816e-06
13.1	3.95901e-06
13.105	3.90678e-06
13.11	3.86738e-06
13.115	3.86189e-06
13.12	3.89688e-06
13.125	3.97982e-06
13.13	4.10922e-06
13.135	4.22517e-06
13.14	4.32655e-06
13.145	4.38908e-06
13.15	4.4046e-06
13.155	4.37929e-06
13.16	4.32561e-06
13.165	4.25871e-06
13.17	4.19305e-06
13.175	4.15268e-06
13.18	4.11097e-06
13.185	4.05873e-06
13.19	4.01013e-06
13.195	3.94976e-06
13.2	3.89947e-06
13.205	3.86447e-06
13.21	3.8656e-06
13.215	3.90696e-06
13.22	3.99765e-06
13.225	4.12994e-06
13.23	4.24295e-06
13.235	4.33799e-06
13.24	4.39383e-06
13.245	4.40319e-06
13.25	4.37317e-06
13.255	4.31669e-06
13.26	4.24984e-06
13.265	4.18653e-06
13.27	4.14985e-06
13.275	4.10674e-06
13.28	4.05454e-06
13.285	4.00364e-06
13.29	3.94421e-06
13.295	3.89492e-06
13.3	3.86383e-06
13.305	3.87315e-06
13.31	3.9188e-06
13.315	4.01832e-06
13.32	4.15188e-06
13.325	4.26022e-06
13.33	4.34962e-06
13.335	4.39606e-06
13.34	4.40173e-06
13.345	4.36537e-06
13.35	4.30806e-06
13.355	4.23997e-06
13.36	4.18111e-06
13.365	4.14675e-06
13.37	4.09367e-06
13.375	4.04602e-06
13.38	3.99554e-06
13.385	3.9364e-06
13.39	3.88997e-06
13.395	3.86252e-06
13.4	3.88236e-06
13.405	3.937e-06
13.41	4.04057e-06
13.415	4.17388e-06
13.42	4.27763e-06
13.425	4.36045e-06
13.43	4.40063e-06
13.435	4.39785e-06
13.44	4.35838e-06
13.445	4.29732e-06
13.45	4.23048e-06
13.455	4.17462e-06
13.46	4.13664e-06
13.465	4.08702e-06
13.47	4.03912e-06
13.475	3.98853e-06
13.48	3.92999e-06
13.485	3.88437e-06
13.49	3.86279e-06
13.495	3.88404e-06
13.5	3.94974e-06
13.505	4.05809e-06
13.51	4.17304e-06
13.515	4.28705e-06
13.52	4.36744e-06
13.525	4.4002e-06
13.53	4.39395e-06
13.535	4.3478e-06
13.54	4.29007e-06
13.545	4.22104e-06
13.55	4.16853e-06
13.555	4.13138e-06
13.56	4.08013e-06
13.565	4.03165e-06
13.57	3.98112e-06
13.575	3.92175e-06
13.58	3.87749e-06
13.585	3.86013e-06
13.59	3.88581e-06
13.595	3.9534e-06
13.6	4.0709e-06
13.605	4.18876e-06
13.61	4.29918e-06
13.615	4.37441e-06
13.62	4.40198e-06
13.625	4.38929e-06
13.63	4.34042e-06
13.635	4.28146e-06
13.64	4.20818e-06
13.645	4.16226e-06
13.65	4.12208e-06
13.655	4.07499e-06
13.66	4.02551e-06
13.665	3.96686e-06
13.67	3.91406e-06
13.675	3.87174e-06
13.68	3.86364e-06
13.685	3.8911e-06
13.69	3.96507e-06
13.695	4.08912e-06
13.7	4.20791e-06
13.705	4.31377e-06
13.71	4.38318e-06
13.715	4.4046e-06
13.72	4.38475e-06
13.725	4.33355e-06
13.73	4.26743e-06
13.735	4.1995e-06
13.74	4.1576e-06
13.745	4.1165e-06
13.75	4.06465e-06
13.755	4.0181e-06
13.76	3.95888e-06
13.765	3.9067e-06
13.77	3.86734e-06
13.775	3.8619e-06
13.78	3.89696e-06
13.785	3.98005e-06
13.79	4.10952e-06
13.795	4.22544e-06
13.8	4.32679e-06
13.805	4.38922e-06
13.81	4.40465e-06
13.815	4.37929e-06
13.82	4.32554e-06
13.825	4.25864e-06
13.83	4.19297e-06
13.835	4.15268e-06
13.84	4.11094e-06
13.845	4.05867e-06
13.85	4.01002e-06
13.855	3.94972e-06
13.86	3.89939e-06
13.865	3.86443e-06
13.87	3.86571e-06
13.875	3.90716e-06
13.88	3.9979e-06
13.885	4.1302e-06
13.89	4.24317e-06
13.895	4.33811e-06
13.9	4.39388e-06
13.905	4.40318e-06
13.91	4.37309e-06
13.915	4.3166e-06
13.92	4.24971e-06
13.925	4.18644e-06
13.93	4.14983e-06
13.935	4.10672e-06
13.94	4.05446e-06
13.945	4.00356e-06
13.95	3.94411e-06
13.955	3.89485e-06
13.96	3.86385e-06
13.965	3.87325e-06
13.97	3.91899e-06
13.975	4.01857e-06
13.98	4.15217e-06
13.985	4.26046e-06
13.99	4.34973e-06
13.995	4.39608e-06
14	4.40168e-06
14.005	4.36528e-06
14.01	4.30791e-06
14.015	4.2397e-06
14.02	4.18099e-06
14.025	4.14669e-06
14.03	4.0936e-06
14.035	4.04592e-06
14.04	3.99548e-06
14.045	3.93634e-06
14.05	3.88994e-06
14.055	3.8626e-06
14.06	3.88252e-06
14.065	3.9372e-06
14.07	4.04088e-06
14.075	4.17417e-06
14.08	4.27785e-06
14.085	4.36061e-06
14.09	4.40069e-06
14.095	4.39779e-06
14.1	4.35825e-06
14.105	4.29722e-06
14.11	4.23035e-06
14.115	4.17453e-06
14.12	4.13652e-06
14.125	4.08693e-06
14.13	4.03901e-06
14.135	3.98841e-06
14.14	3.92992e-06
14.145	3.88434e-06
14.15	3.86282e-06
14.155	3.88354e-06
14.16	3.94977e-06
14.165	4.05829e-06
14.17	4.17332e-06
14.175	4.28724e-06
14.18	4.36757e-06
14.185	4.40026e-06
14.19	4.39391e-06
14.195	4.34769e-06
14.2	4.28993e-06
14.205	4.22093e-06
14.21	4.16847e-06
14.215	4.13135e-06
14.22	4.08011e-06
14.225	4.0316e-06
14.23	3.98107e-06
14.235	3.92167e-06
14.24	3.8774e-06
14.245	3.8601e-06
14.25	3.88589e-06
14.255	3.95355e-06
14.26	4.07116e-06
14.265	4.189e-06
14.27	4.29933e-06
14.275	4.3745e-06
14.28	4.40197e-06
14.285	4.38916e-06
14.29	4.34027e-06
14.295	4.28129e-06
14.3	4.20803e-06
14.305	4.16216e-06
14.31	4.12203e-06
14.315	4.07491e-06
14.32	4.02544e-06
14.325	3.96677e-06
14.33	3.91395e-06
14.335	3.87167e-06
14.34	3.8604e-06
14.345	3.88977e-06
14.35	3.96494e-06
14.355	4.08867e-06
14.36	4.20725e-06
14.365	4.31317e-06
14.37	4.38254e-06
14.375	4.40401e-06
14.38	4.38413e-06
14.385	4.33292e-06
14.39	4.26684e-06
14.395	4.19909e-06
14.4	4.15726e-06
14.405	4.11614e-06
14.41	4.06437e-06
14.415	4.01787e-06
14.42	3.95867e-06
14.425	3.90654e-06
14.43	3.86725e-06
14.435	3.86188e-06
14.44	3.89707e-06
14.445	3.98028e-06
14.45	4.10978e-06
14.455	4.22561e-06
14.46	4.32675e-06
14.465	4.38901e-06
14.47	4.40433e-06
14.475	4.37887e-06
14.48	4.32515e-06
14.485	4.25837e-06
14.49	4.19287e-06
14.495	4.15257e-06
14.5	4.1108e-06
