0	0
0.005	0
0.01	0
0.015	0
0.02	9.96235e-07
0.025	2.98709e-06
0.03	4.13626e-06
0.035	4.27346e-06
0.04	4.30998e-06
0.045	4.29485e-06
0.05	4.33674e-06
0.055	4.34295e-06
0.06	4.39076e-06
0.065	4.43288e-06
0.07	4.44543e-06
0.075	4.5161e-06
0.08	4.52011e-06
0.085	4.57367e-06
0.09	4.55641e-06
0.095	4.58999e-06
0.1	4.55968e-06
0.105	4.57107e-06
0.11	4.51015e-06
0.115	4.4986e-06
0.12	4.43087e-06
0.125	4.40766e-06
0.13	4.31891e-06
0.135	4.28678e-06
0.14	4.20482e-06
0.145	4.17256e-06
0.15	4.07735e-06
0.155	4.04225e-06
0.16	3.9554e-06
0.165	3.92019e-06
0.17	3.81774e-06
0.175	3.78076e-06
0.18	3.68554e-06
0.185	3.63987e-06
0.19	3.54419e-06
0.195	3.49848e-06
0.2	3.39942e-06
0.205	3.35523e-06
0.21	3.25496e-06
0.215	3.21385e-06
0.22	3.11598e-06
0.225	3.08078e-06
0.23	2.99384e-06
0.235	2.96894e-06
0.24	2.89331e-06
0.245	2.87423e-06
0.25	2.82854e-06
0.255	2.81727e-06
0.26	2.7842e-06
0.265	2.7807e-06
0.27	2.753e-06
0.275	2.75191e-06
0.28	2.71313e-06
0.285	2.69339e-06
0.29	2.6335e-06
0.295	2.5855e-06
0.3	2.4929e-06
0.305	2.4205e-06
0.31	2.31903e-06
0.315	2.2441e-06
0.32	2.15691e-06
0.325	2.10869e-06
0.33	2.05876e-06
0.335	2.05581e-06
0.34	2.04875e-06
0.345	2.09178e-06
0.35	2.12098e-06
0.355	2.19548e-06
0.36	2.21963e-06
0.365	2.29947e-06
0.37	2.31764e-06
0.375	2.39091e-06
0.38	2.40679e-06
0.385	2.48362e-06
0.39	2.50865e-06
0.395	2.59606e-06
0.4	2.6286e-06
0.405	2.7121e-06
0.41	2.72396e-06
0.415	2.76666e-06
0.42	2.71117e-06
0.425	2.66981e-06
0.43	2.52664e-06
0.435	2.39001e-06
0.44	2.20223e-06
0.445	2.05113e-06
0.45	1.88768e-06
0.455	1.77917e-06
0.46	1.68073e-06
0.465	1.64271e-06
0.47	1.61321e-06
0.475	1.65541e-06
0.48	1.6892e-06
0.485	1.78938e-06
0.49	1.84205e-06
0.495	1.93895e-06
0.5	1.96079e-06
0.505	2.01974e-06
0.51	2.01038e-06
0.515	2.05658e-06
0.52	2.05438e-06
0.525	2.12436e-06
0.53	2.15877e-06
0.535	2.26855e-06
0.54	2.33877e-06
0.545	2.47189e-06
0.55	2.53029e-06
0.555	2.62383e-06
0.56	2.59602e-06
0.565	2.56357e-06
0.57	2.40573e-06
0.575	2.2639e-06
0.58	2.05084e-06
0.585	1.91033e-06
0.59	1.76861e-06
0.595	1.69695e-06
0.6	1.63778e-06
0.605	1.6496e-06
0.61	1.68056e-06
0.615	1.78298e-06
0.62	1.87569e-06
0.625	2.03607e-06
0.63	2.14745e-06
0.635	2.28799e-06
0.64	2.34489e-06
0.645	2.42976e-06
0.65	2.43909e-06
0.655	2.49991e-06
0.66	2.51097e-06
0.665	2.59705e-06
0.67	2.64744e-06
0.675	2.77629e-06
0.68	2.86344e-06
0.685	3.01292e-06
0.69	3.09618e-06
0.695	3.20186e-06
0.7	3.1854e-06
0.705	3.14828e-06
0.71	2.97545e-06
0.715	2.78934e-06
0.72	2.5216e-06
0.725	2.32083e-06
0.73	2.11506e-06
0.735	1.97922e-06
0.74	1.87304e-06
0.745	1.82125e-06
0.75	1.80106e-06
0.755	1.84798e-06
0.76	1.91955e-06
0.765	2.05881e-06
0.77	2.16701e-06
0.775	2.31321e-06
0.78	2.38179e-06
0.785	2.47855e-06
0.79	2.49587e-06
0.795	2.56038e-06
0.8	2.56689e-06
0.805	2.63883e-06
0.81	2.66727e-06
0.815	2.77016e-06
0.82	2.8371e-06
0.825	2.97368e-06
0.83	3.05724e-06
0.835	3.18619e-06
0.84	3.19875e-06
0.845	3.23102e-06
0.85	3.09531e-06
0.855	2.96094e-06
0.86	2.70471e-06
0.865	2.50114e-06
0.87	2.28505e-06
0.875	2.15126e-06
0.88	2.0405e-06
0.885	1.99661e-06
0.89	1.98476e-06
0.895	2.04487e-06
0.9	2.13338e-06
0.905	2.30044e-06
0.91	2.4694e-06
0.915	2.69064e-06
0.92	2.84991e-06
0.925	3.04162e-06
0.93	3.16233e-06
0.935	3.33117e-06
0.94	3.44745e-06
0.945	3.64035e-06
0.95	3.80301e-06
0.955	4.05708e-06
0.96	4.2898e-06
0.965	4.6083e-06
0.97	4.89649e-06
0.975	5.2504e-06
0.98	5.52365e-06
0.985	5.81604e-06
0.99	5.96431e-06
0.995	6.07574e-06
1	6.03435e-06
1.005	5.98278e-06
1.01	5.86333e-06
1.015	5.78271e-06
1.02	5.67587e-06
1.025	5.59962e-06
1.03	5.50721e-06
1.035	5.42496e-06
1.04	5.32678e-06
1.045	5.25712e-06
1.05	5.15344e-06
1.055	5.07447e-06
1.06	4.91746e-06
1.065	4.77498e-06
1.07	4.5312e-06
1.075	4.31011e-06
1.08	4.01464e-06
1.085	3.77948e-06
1.09	3.50628e-06
1.095	3.32139e-06
1.1	3.12107e-06
1.105	3.02098e-06
1.11	2.90495e-06
1.115	2.87764e-06
1.12	2.81314e-06
1.125	2.80134e-06
1.13	2.69711e-06
1.135	2.60127e-06
1.14	2.36492e-06
1.145	2.14509e-06
1.15	1.84811e-06
1.155	1.63065e-06
1.16	1.41741e-06
1.165	1.28512e-06
1.17	1.18312e-06
1.175	1.13171e-06
1.18	1.10474e-06
1.185	1.13901e-06
1.19	1.19017e-06
1.195	1.30594e-06
1.2	1.3904e-06
1.205	1.5153e-06
1.21	1.56542e-06
1.215	1.63695e-06
1.22	1.63014e-06
1.225	1.67115e-06
1.23	1.65848e-06
1.235	1.71654e-06
1.24	1.7405e-06
1.245	1.84713e-06
1.25	1.92438e-06
1.255	2.07723e-06
1.26	2.1867e-06
1.265	2.34676e-06
1.27	2.41541e-06
1.275	2.48988e-06
1.28	2.41132e-06
1.285	2.31063e-06
1.29	2.07546e-06
1.295	1.87522e-06
1.3	1.64163e-06
1.305	1.48059e-06
1.31	1.34405e-06
1.315	1.26852e-06
1.32	1.22306e-06
1.325	1.23849e-06
1.33	1.28737e-06
1.335	1.40589e-06
1.34	1.52439e-06
1.345	1.69344e-06
1.35	1.79679e-06
1.355	1.92168e-06
1.36	1.96218e-06
1.365	2.03352e-06
1.37	2.03528e-06
1.375	2.1005e-06
1.38	2.12284e-06
1.385	2.2265e-06
1.39	2.30349e-06
1.395	2.46353e-06
1.4	2.58497e-06
1.405	2.76895e-06
1.41	2.88312e-06
1.415	3.01438e-06
1.42	3.01655e-06
1.425	2.99223e-06
1.43	2.83332e-06
1.435	2.68e-06
1.44	2.46027e-06
1.445	2.3203e-06
1.45	2.198e-06
1.455	2.15522e-06
1.46	2.14221e-06
1.465	2.18684e-06
1.47	2.27063e-06
1.475	2.43106e-06
1.48	2.6183e-06
1.485	2.88189e-06
1.49	3.10502e-06
1.495	3.37413e-06
1.5	3.57073e-06
1.505	3.79967e-06
1.51	3.95982e-06
1.515	4.17052e-06
1.52	4.32541e-06
1.525	4.55346e-06
1.53	4.7385e-06
1.535	4.99627e-06
1.54	5.21258e-06
1.545	5.4945e-06
1.55	5.71721e-06
1.555	5.97666e-06
1.56	6.10515e-06
1.565	6.23156e-06
1.57	6.20578e-06
1.575	6.15415e-06
1.58	5.98657e-06
1.585	5.87856e-06
1.59	5.75145e-06
1.595	5.69311e-06
1.6	5.6612e-06
1.605	5.6804e-06
1.61	5.73193e-06
1.615	5.84554e-06
1.62	5.97398e-06
1.625	6.17893e-06
1.63	6.37035e-06
1.635	6.59338e-06
1.64	6.75166e-06
1.645	6.92513e-06
1.65	7.01906e-06
1.655	7.14329e-06
1.66	7.21144e-06
1.665	7.33808e-06
1.67	7.41945e-06
1.675	7.57811e-06
1.68	7.70153e-06
1.685	7.89889e-06
1.69	8.04806e-06
1.695	8.24926e-06
1.7	8.35527e-06
1.705	8.46865e-06
1.71	8.4285e-06
1.715	8.35187e-06
1.72	8.12725e-06
1.725	7.90381e-06
1.73	7.62418e-06
1.735	7.38924e-06
1.74	7.15141e-06
1.745	6.94138e-06
1.75	6.74194e-06
1.755	6.56509e-06
1.76	6.40246e-06
1.765	6.29457e-06
1.77	6.17647e-06
1.775	6.10365e-06
1.78	5.97242e-06
1.785	5.85789e-06
1.79	5.65175e-06
1.795	5.47155e-06
1.8	5.21413e-06
1.805	5.00908e-06
1.81	4.75349e-06
1.815	4.56978e-06
1.82	4.35183e-06
1.825	4.21309e-06
1.83	4.0406e-06
1.835	3.93894e-06
1.84	3.78616e-06
1.845	3.67167e-06
1.85	3.45319e-06
1.855	3.23145e-06
1.86	2.88891e-06
1.865	2.55856e-06
1.87	2.16822e-06
1.875	1.87009e-06
1.88	1.59841e-06
1.885	1.42945e-06
1.89	1.29102e-06
1.895	1.22592e-06
1.9	1.19716e-06
1.905	1.24166e-06
1.91	1.31107e-06
1.915	1.45426e-06
1.92	1.56062e-06
1.925	1.71459e-06
1.93	1.78603e-06
1.935	1.88289e-06
1.94	1.89996e-06
1.945	1.96447e-06
1.95	1.97178e-06
1.955	2.0489e-06
1.96	2.0882e-06
1.965	2.20935e-06
1.97	2.29664e-06
1.975	2.45408e-06
1.98	2.55744e-06
1.985	2.7066e-06
1.99	2.73888e-06
1.995	2.79235e-06
2	2.68325e-06
2.005	2.55716e-06
2.01	2.30556e-06
2.015	2.10507e-06
2.02	1.87845e-06
2.025	1.73064e-06
2.03	1.60891e-06
2.035	1.54018e-06
2.04	1.5114e-06
2.045	1.53226e-06
2.05	1.58473e-06
2.055	1.70778e-06
2.06	1.82802e-06
2.065	1.99315e-06
2.07	2.09811e-06
2.075	2.22932e-06
2.08	2.27821e-06
2.085	2.37118e-06
2.09	2.40446e-06
2.095	2.50773e-06
2.1	2.57133e-06
2.105	2.72349e-06
2.11	2.84458e-06
2.115	3.04395e-06
2.12	3.2019e-06
2.125	3.43444e-06
2.13	3.5962e-06
2.135	3.79753e-06
2.14	3.86889e-06
2.145	3.92886e-06
2.15	3.86561e-06
2.155	3.82778e-06
2.16	3.73959e-06
2.165	3.75007e-06
2.17	3.78476e-06
2.175	3.90161e-06
2.18	4.06097e-06
2.185	4.29051e-06
2.19	4.55528e-06
2.195	4.89737e-06
2.2	5.24507e-06
2.205	5.6669e-06
2.21	6.02634e-06
2.215	6.42026e-06
2.22	6.70595e-06
2.225	7.01654e-06
2.23	7.23784e-06
2.235	7.48655e-06
2.24	7.67105e-06
2.245	7.89611e-06
2.25	8.05297e-06
2.255	8.25207e-06
2.26	8.37699e-06
2.265	8.53023e-06
2.27	8.58554e-06
2.275	8.64398e-06
2.28	8.53477e-06
2.285	8.39934e-06
2.29	8.07784e-06
2.295	7.7001e-06
2.3	7.19871e-06
2.305	6.72705e-06
2.31	6.21243e-06
2.315	5.75832e-06
2.32	5.29966e-06
2.325	4.88486e-06
2.33	4.49015e-06
2.335	4.14144e-06
2.34	3.82648e-06
2.345	3.58018e-06
2.35	3.31686e-06
2.355	3.11283e-06
2.36	2.85432e-06
2.365	2.64084e-06
2.37	2.37616e-06
2.375	2.18988e-06
2.38	1.98367e-06
2.385	1.88752e-06
2.39	1.7965e-06
2.395	1.8287e-06
2.4	1.86507e-06
2.405	2.00366e-06
2.41	2.11631e-06
2.415	2.29196e-06
2.42	2.38441e-06
2.425	2.48851e-06
2.43	2.44012e-06
2.435	2.36265e-06
2.44	2.14043e-06
2.445	1.93747e-06
2.45	1.69006e-06
2.455	1.50975e-06
2.46	1.35005e-06
2.465	1.25527e-06
2.47	1.18345e-06
2.475	1.18298e-06
2.48	1.2171e-06
2.485	1.32644e-06
2.49	1.4398e-06
2.495	1.60186e-06
2.5	1.71267e-06
2.505	1.84429e-06
2.51	1.8908e-06
2.515	1.96536e-06
2.52	1.96795e-06
2.525	2.03069e-06
2.53	2.04526e-06
2.535	2.13717e-06
2.54	2.19405e-06
2.545	2.33119e-06
2.55	2.42511e-06
2.555	2.57946e-06
2.56	2.66588e-06
2.565	2.77439e-06
2.57	2.73786e-06
2.575	2.69476e-06
2.58	2.49911e-06
2.585	2.29825e-06
2.59	2.02271e-06
2.595	1.82249e-06
2.6	1.63112e-06
2.605	1.52074e-06
2.61	1.43637e-06
2.615	1.4077e-06
2.62	1.4116e-06
2.625	1.49047e-06
2.63	1.5898e-06
2.635	1.75502e-06
2.64	1.88522e-06
2.645	2.05425e-06
2.65	2.14271e-06
2.655	2.25712e-06
2.66	2.2898e-06
2.665	2.37162e-06
2.67	2.39822e-06
2.675	2.49596e-06
2.68	2.55868e-06
2.685	2.71256e-06
2.69	2.84175e-06
2.695	3.05283e-06
2.7	3.22217e-06
2.705	3.44563e-06
2.71	3.58418e-06
2.715	3.73649e-06
2.72	3.74745e-06
2.725	3.74877e-06
2.73	3.65579e-06
2.735	3.62092e-06
2.74	3.58857e-06
2.745	3.65264e-06
2.75	3.75112e-06
2.755	3.92955e-06
2.76	4.14578e-06
2.765	4.43747e-06
2.77	4.75602e-06
2.775	5.14654e-06
2.78	5.52815e-06
2.785	5.94295e-06
2.79	6.27279e-06
2.795	6.59953e-06
2.8	6.82951e-06
2.805	7.06964e-06
2.81	7.21704e-06
2.815	7.39961e-06
2.82	7.50627e-06
2.825	7.65812e-06
2.83	7.73512e-06
2.835	7.85812e-06
2.84	7.88558e-06
2.845	7.93063e-06
2.85	7.84654e-06
2.855	7.74039e-06
2.86	7.45287e-06
2.865	7.10461e-06
2.87	6.58947e-06
2.875	6.06542e-06
2.88	5.47776e-06
2.885	4.95417e-06
2.89	4.44584e-06
2.895	4.00557e-06
2.9	3.58778e-06
2.905	3.24002e-06
2.91	2.92822e-06
2.915	2.69842e-06
2.92	2.499e-06
2.925	2.37349e-06
2.93	2.22559e-06
2.935	2.13341e-06
2.94	1.98865e-06
2.945	1.91036e-06
2.95	1.79901e-06
2.955	1.78173e-06
2.96	1.74921e-06
2.965	1.81448e-06
2.97	1.86376e-06
2.975	2.00419e-06
2.98	2.11662e-06
2.985	2.29908e-06
2.99	2.42178e-06
2.995	2.57066e-06
3	2.59474e-06
3.005	2.59553e-06
3.01	2.42435e-06
3.015	2.23914e-06
3.02	1.95456e-06
3.025	1.72963e-06
3.03	1.49656e-06
3.035	1.33762e-06
3.04	1.2068e-06
3.045	1.131e-06
3.05	1.08649e-06
3.055	1.11193e-06
3.06	1.1616e-06
3.065	1.28349e-06
3.07	1.38066e-06
3.075	1.51851e-06
3.08	1.58176e-06
3.085	1.66621e-06
3.09	1.66908e-06
3.095	1.71707e-06
3.1	1.70729e-06
3.105	1.76837e-06
3.11	1.79099e-06
3.115	1.8962e-06
3.12	1.96826e-06
3.125	2.11569e-06
3.13	2.21548e-06
3.135	2.36779e-06
3.14	2.40484e-06
3.145	2.46316e-06
3.15	2.36016e-06
3.155	2.23319e-06
3.16	1.97432e-06
3.165	1.75308e-06
3.17	1.50673e-06
3.175	1.33837e-06
3.18	1.19832e-06
3.185	1.12078e-06
3.19	1.07157e-06
3.195	1.08616e-06
3.2	1.128e-06
3.205	1.24259e-06
3.21	1.34881e-06
3.215	1.50705e-06
3.22	1.60152e-06
3.225	1.72358e-06
3.23	1.75533e-06
3.235	1.82763e-06
3.24	1.8366e-06
3.245	1.91291e-06
3.25	1.95032e-06
3.255	2.07548e-06
3.26	2.17036e-06
3.265	2.35329e-06
3.27	2.5017e-06
3.275	2.71522e-06
3.28	2.85467e-06
3.285	3.02165e-06
3.29	3.0607e-06
3.295	3.08225e-06
3.3	2.95818e-06
3.305	2.8392e-06
3.31	2.64764e-06
3.315	2.5357e-06
3.32	2.44101e-06
3.325	2.43694e-06
3.33	2.46077e-06
3.335	2.5695e-06
3.34	2.72722e-06
3.345	2.97872e-06
3.35	3.26031e-06
3.355	3.61942e-06
3.36	3.96546e-06
3.365	4.33623e-06
3.37	4.6457e-06
3.375	4.96561e-06
3.38	5.21543e-06
3.385	5.49876e-06
3.39	5.73142e-06
3.395	6.01802e-06
3.4	6.26514e-06
3.405	6.59033e-06
3.41	6.86076e-06
3.415	7.19779e-06
3.42	7.47606e-06
3.425	7.77934e-06
3.43	7.95721e-06
3.435	8.12785e-06
3.44	8.13214e-06
3.445	8.09584e-06
3.45	7.95435e-06
3.455	7.83908e-06
3.46	7.68234e-06
3.465	7.56902e-06
3.47	7.45356e-06
3.475	7.35577e-06
3.48	7.26106e-06
3.485	7.18021e-06
3.49	7.11294e-06
3.495	7.07665e-06
3.5	7.00863e-06
3.505	6.95594e-06
3.51	6.81409e-06
3.515	6.67213e-06
3.52	6.42858e-06
3.525	6.20774e-06
3.53	5.90348e-06
3.535	5.65227e-06
3.54	5.34112e-06
3.545	5.09646e-06
3.55	4.80903e-06
3.555	4.59516e-06
3.56	4.33764e-06
3.565	4.14394e-06
3.57	3.87668e-06
3.575	3.64772e-06
3.58	3.30237e-06
3.585	2.96637e-06
3.59	2.54136e-06
3.595	2.18648e-06
3.6	1.84009e-06
3.605	1.60471e-06
3.61	1.42274e-06
3.615	1.3264e-06
3.62	1.2616e-06
3.625	1.26311e-06
3.63	1.28957e-06
3.635	1.38006e-06
3.64	1.465e-06
3.645	1.60121e-06
3.65	1.67346e-06
3.655	1.77476e-06
3.66	1.78981e-06
3.665	1.83754e-06
3.67	1.81527e-06
3.675	1.85292e-06
3.68	1.84413e-06
3.685	1.91288e-06
3.69	1.94934e-06
3.695	2.06658e-06
3.7	2.14674e-06
3.705	2.29241e-06
3.71	2.37543e-06
3.715	2.49231e-06
3.72	2.47278e-06
3.725	2.45712e-06
3.73	2.28901e-06
3.735	2.11671e-06
3.74	1.86544e-06
3.745	1.69056e-06
3.75	1.51851e-06
3.755	1.42561e-06
3.76	1.36599e-06
3.765	1.36231e-06
3.77	1.39132e-06
3.775	1.48972e-06
3.78	1.61005e-06
3.785	1.79877e-06
3.79	1.95668e-06
3.795	2.15514e-06
3.8	2.27877e-06
3.805	2.42983e-06
3.81	2.50807e-06
3.815	2.64054e-06
3.82	2.72628e-06
3.825	2.88787e-06
3.83	3.01788e-06
3.835	3.22983e-06
3.84	3.41096e-06
3.845	3.66472e-06
3.85	3.8708e-06
3.855	4.12267e-06
3.86	4.27724e-06
3.865	4.43147e-06
3.87	4.42813e-06
3.875	4.40603e-06
3.88	4.25334e-06
3.885	4.14167e-06
3.89	4.00242e-06
3.895	3.93582e-06
3.9	3.89374e-06
3.905	3.90632e-06
3.91	3.94108e-06
3.915	4.03504e-06
3.92	4.15794e-06
3.925	4.34417e-06
3.93	4.52492e-06
3.935	4.75003e-06
3.94	4.90578e-06
3.945	5.0803e-06
3.95	5.16993e-06
3.955	5.28951e-06
3.96	5.3365e-06
3.965	5.44184e-06
3.97	5.49627e-06
3.975	5.62275e-06
3.98	5.70744e-06
3.985	5.86082e-06
3.99	5.96472e-06
3.995	6.11385e-06
4	6.18024e-06
4.005	6.25315e-06
4.01	6.18045e-06
4.015	6.07259e-06
4.02	5.82115e-06
4.025	5.56227e-06
4.03	5.2545e-06
4.035	4.99956e-06
4.04	4.75669e-06
4.045	4.58382e-06
4.05	4.43076e-06
4.055	4.32789e-06
4.06	4.25252e-06
4.065	4.24663e-06
4.07	4.26249e-06
4.075	4.33619e-06
4.08	4.37143e-06
4.085	4.44785e-06
4.09	4.44718e-06
4.095	4.48593e-06
4.1	4.45961e-06
4.105	4.49375e-06
4.11	4.48384e-06
4.115	4.55179e-06
4.12	4.5858e-06
4.125	4.70759e-06
4.13	4.79335e-06
4.135	4.9564e-06
4.14	5.06807e-06
4.145	5.22637e-06
4.15	5.27303e-06
4.155	5.33542e-06
4.16	5.25485e-06
4.165	5.16979e-06
4.17	4.99742e-06
4.175	4.89312e-06
4.18	4.79278e-06
4.185	4.78335e-06
4.19	4.80614e-06
4.195	4.90349e-06
4.2	5.03506e-06
4.205	5.24232e-06
4.21	5.47732e-06
4.215	5.78891e-06
4.22	6.08503e-06
4.225	6.42072e-06
4.23	6.67796e-06
4.235	6.94699e-06
4.24	7.12521e-06
4.245	7.32603e-06
4.25	7.44591e-06
4.255	7.60961e-06
4.26	7.70758e-06
4.265	7.85707e-06
4.27	7.94035e-06
4.275	8.08002e-06
4.28	8.13211e-06
4.285	8.21106e-06
4.29	8.15785e-06
4.295	8.07796e-06
4.3	7.81372e-06
4.305	7.48553e-06
4.31	6.99772e-06
4.315	6.5062e-06
4.32	5.9487e-06
4.325	5.4633e-06
4.33	4.9698e-06
4.335	4.54733e-06
4.34	4.13578e-06
4.345	3.79265e-06
4.35	3.48325e-06
4.355	3.25609e-06
4.36	3.04511e-06
4.365	2.90741e-06
4.37	2.73697e-06
4.375	2.61419e-06
4.38	2.43048e-06
4.385	2.3064e-06
4.39	2.13866e-06
4.395	2.05761e-06
4.4	1.95706e-06
4.405	1.95913e-06
4.41	1.95469e-06
4.415	2.04998e-06
4.42	2.1254e-06
4.425	2.2792e-06
4.43	2.36694e-06
4.435	2.49115e-06
4.44	2.48907e-06
4.445	2.4573e-06
4.45	2.27762e-06
4.455	2.08016e-06
4.46	1.79706e-06
4.465	1.5805e-06
4.47	1.36104e-06
4.475	1.21771e-06
4.48	1.09451e-06
4.485	1.03794e-06
4.49	1.01165e-06
4.495	1.05833e-06
4.5	1.12685e-06
4.505	1.26451e-06
4.51	1.35908e-06
4.515	1.49019e-06
4.52	1.5434e-06
4.525	1.61704e-06
4.53	1.61111e-06
4.535	1.65368e-06
4.54	1.64241e-06
4.545	1.70247e-06
4.55	1.72644e-06
4.555	1.83129e-06
4.56	1.90423e-06
4.565	2.05117e-06
4.57	2.14721e-06
4.575	2.29096e-06
4.58	2.3126e-06
4.585	2.34993e-06
4.59	2.2209e-06
4.595	2.07587e-06
4.6	1.8073e-06
4.605	1.59135e-06
4.61	1.35764e-06
4.615	1.20458e-06
4.62	1.08203e-06
4.625	1.01907e-06
4.63	9.86212e-07
4.635	1.01543e-06
4.64	1.07682e-06
4.645	1.20734e-06
4.65	1.3202e-06
4.655	1.48262e-06
4.66	1.57903e-06
4.665	1.69426e-06
4.67	1.72475e-06
4.675	1.79358e-06
4.68	1.7997e-06
4.685	1.87356e-06
4.69	1.90899e-06
4.695	2.02878e-06
4.7	2.1211e-06
4.705	2.29425e-06
4.71	2.42916e-06
4.715	2.62506e-06
4.72	2.73854e-06
4.725	2.87389e-06
4.73	2.86921e-06
4.735	2.83914e-06
4.74	2.67116e-06
4.745	2.52322e-06
4.75	2.3163e-06
4.755	2.19133e-06
4.76	2.09646e-06
4.765	2.07745e-06
4.77	2.07327e-06
4.775	2.15281e-06
4.78	2.26022e-06
4.785	2.46015e-06
4.79	2.6716e-06
4.795	2.94813e-06
4.8	3.19948e-06
4.805	3.48083e-06
4.81	3.68291e-06
4.815	3.91745e-06
4.82	4.07971e-06
4.825	4.29087e-06
4.83	4.46118e-06
4.835	4.69481e-06
4.84	4.9012e-06
4.845	5.17398e-06
4.85	5.41498e-06
4.855	5.70905e-06
4.86	5.94851e-06
4.865	6.20801e-06
4.87	6.33706e-06
4.875	6.45195e-06
4.88	6.41439e-06
4.885	6.34395e-06
4.89	6.18843e-06
4.895	6.08203e-06
4.9	5.9783e-06
4.905	5.93607e-06
4.91	5.9331e-06
4.915	5.97104e-06
4.92	6.04615e-06
4.925	6.17713e-06
4.93	6.33462e-06
4.935	6.54748e-06
4.94	6.73893e-06
4.945	6.95954e-06
4.95	7.09878e-06
4.955	7.24889e-06
4.96	7.30959e-06
4.965	7.40242e-06
4.97	7.4282e-06
4.975	7.51157e-06
4.98	7.54521e-06
4.985	7.64617e-06
4.99	7.70301e-06
4.995	7.8246e-06
5	7.8893e-06
5.005	7.99432e-06
5.01	7.99549e-06
5.015	7.99511e-06
5.02	7.83541e-06
5.025	7.64751e-06
5.03	7.3224e-06
5.035	7.02647e-06
5.04	6.69783e-06
5.045	6.43896e-06
5.05	6.2059e-06
5.055	6.02905e-06
5.06	5.89432e-06
5.065	5.81307e-06
5.07	5.77017e-06
5.075	5.80043e-06
5.08	5.83363e-06
5.085	5.9194e-06
5.09	5.95532e-06
5.095	6.01597e-06
5.1	5.99506e-06
5.105	6.00937e-06
5.11	5.95535e-06
5.115	5.96414e-06
5.12	5.92655e-06
5.125	5.96902e-06
5.13	5.97845e-06
5.135	6.06765e-06
5.14	6.11884e-06
5.145	6.23254e-06
5.15	6.2777e-06
5.155	6.34224e-06
5.16	6.27936e-06
5.165	6.18939e-06
5.17	5.9655e-06
5.175	5.73996e-06
5.18	5.44897e-06
5.185	5.23789e-06
5.19	5.03339e-06
5.195	4.92294e-06
5.2	4.82128e-06
5.205	4.79488e-06
5.21	4.79085e-06
5.215	4.86643e-06
5.22	4.95409e-06
5.225	5.11129e-06
5.23	5.22934e-06
5.235	5.38653e-06
5.24	5.46237e-06
5.245	5.57091e-06
5.25	5.60119e-06
5.255	5.6872e-06
5.26	5.71926e-06
5.265	5.82305e-06
5.27	5.88957e-06
5.275	6.03318e-06
5.28	6.14007e-06
5.285	6.31267e-06
5.29	6.42798e-06
5.295	6.58041e-06
5.3	6.62375e-06
5.305	6.65446e-06
5.31	6.53015e-06
5.315	6.38062e-06
5.32	6.1204e-06
5.325	5.90575e-06
5.33	5.67154e-06
5.335	5.51028e-06
5.34	5.37309e-06
5.345	5.28981e-06
5.35	5.23294e-06
5.355	5.24044e-06
5.36	5.26965e-06
5.365	5.36343e-06
5.37	5.45843e-06
5.375	5.58811e-06
5.38	5.6458e-06
5.385	5.7241e-06
5.39	5.72417e-06
5.395	5.76201e-06
5.4	5.73477e-06
5.405	5.77353e-06
5.41	5.77004e-06
5.415	5.84831e-06
5.42	5.894e-06
5.425	6.01824e-06
5.43	6.09932e-06
5.435	6.23898e-06
5.44	6.29229e-06
5.445	6.36351e-06
5.45	6.2959e-06
5.455	6.20599e-06
5.46	5.98589e-06
5.465	5.78702e-06
5.47	5.55957e-06
5.475	5.40324e-06
5.48	5.27265e-06
5.485	5.21439e-06
5.49	5.1769e-06
5.495	5.19993e-06
5.5	5.24307e-06
5.505	5.35425e-06
5.51	5.46736e-06
5.515	5.6316e-06
5.52	5.73169e-06
5.525	5.85571e-06
5.53	5.8883e-06
5.535	5.93995e-06
5.54	5.91177e-06
5.545	5.92514e-06
5.55	5.87258e-06
5.555	5.88076e-06
5.56	5.83572e-06
5.565	5.84785e-06
5.57	5.8029e-06
5.575	5.80865e-06
5.58	5.74184e-06
5.585	5.69568e-06
5.59	5.52248e-06
5.595	5.33332e-06
5.6	5.00066e-06
5.605	4.65518e-06
5.61	4.22772e-06
5.615	3.87248e-06
5.62	3.52232e-06
5.625	3.25586e-06
5.63	3.02852e-06
5.635	2.86251e-06
5.64	2.73438e-06
5.645	2.68172e-06
5.65	2.6537e-06
5.655	2.70868e-06
5.66	2.73782e-06
5.665	2.80956e-06
5.67	2.81401e-06
5.675	2.8431e-06
5.68	2.799e-06
5.685	2.80577e-06
5.69	2.7625e-06
5.695	2.79592e-06
5.7	2.79677e-06
5.705	2.88592e-06
5.71	2.94638e-06
5.715	3.08378e-06
5.72	3.17539e-06
5.725	3.31937e-06
5.73	3.35131e-06
5.735	3.40558e-06
5.74	3.30098e-06
5.745	3.18378e-06
5.75	2.9393e-06
5.755	2.74381e-06
5.76	2.52535e-06
5.765	2.39023e-06
5.77	2.28266e-06
5.775	2.23053e-06
5.78	2.22347e-06
5.785	2.26335e-06
5.79	2.34201e-06
5.795	2.49172e-06
5.8	2.64053e-06
5.805	2.84123e-06
5.81	2.9895e-06
5.815	3.1703e-06
5.82	3.27599e-06
5.825	3.42757e-06
5.83	3.52065e-06
5.835	3.68037e-06
5.84	3.80329e-06
5.845	4.00538e-06
5.85	4.16732e-06
5.855	4.40915e-06
5.86	4.60387e-06
5.865	4.85803e-06
5.87	5.02961e-06
5.875	5.21904e-06
5.88	5.27869e-06
5.885	5.30407e-06
5.89	5.18475e-06
5.895	5.06463e-06
5.9	4.87079e-06
5.905	4.74939e-06
5.91	4.63611e-06
5.915	4.59783e-06
5.92	4.57085e-06
5.925	4.60388e-06
5.93	4.66133e-06
5.935	4.78225e-06
5.94	4.91958e-06
5.945	5.11412e-06
5.95	5.26581e-06
5.955	5.4418e-06
5.96	5.53358e-06
5.965	5.64801e-06
5.97	5.68123e-06
5.975	5.76194e-06
5.98	5.7857e-06
5.985	5.87789e-06
5.99	5.92872e-06
5.995	6.05873e-06
6	6.14412e-06
6.005	6.29623e-06
6.01	6.38512e-06
6.015	6.51146e-06
6.02	6.50318e-06
6.025	6.49672e-06
6.03	6.33488e-06
6.035	6.147e-06
6.04	5.85985e-06
6.045	5.63295e-06
6.05	5.39254e-06
6.055	5.2296e-06
6.06	5.09039e-06
6.065	5.01007e-06
6.07	4.96321e-06
6.075	4.97505e-06
6.08	5.0163e-06
6.085	5.13064e-06
6.09	5.23725e-06
6.095	5.38829e-06
6.1	5.4786e-06
6.105	5.59731e-06
6.11	5.64194e-06
6.115	5.73482e-06
6.12	5.76798e-06
6.125	5.87182e-06
6.13	5.92826e-06
6.135	6.06246e-06
6.14	6.15429e-06
6.145	6.31691e-06
6.15	6.4229e-06
6.155	6.57594e-06
6.16	6.63183e-06
6.165	6.68914e-06
6.17	6.60065e-06
6.175	6.47673e-06
6.18	6.21018e-06
6.185	5.95545e-06
6.19	5.65844e-06
6.195	5.42309e-06
6.2	5.20422e-06
6.205	5.039e-06
6.21	4.89554e-06
6.215	4.80379e-06
6.22	4.73792e-06
6.225	4.73938e-06
6.23	4.74263e-06
6.235	4.79839e-06
6.24	4.80095e-06
6.245	4.83578e-06
6.25	4.78534e-06
6.255	4.76617e-06
6.26	4.67809e-06
6.265	4.65169e-06
6.27	4.58203e-06
6.275	4.59253e-06
6.28	4.57423e-06
6.285	4.64017e-06
6.29	4.6699e-06
6.295	4.76887e-06
6.3	4.80563e-06
6.305	4.87226e-06
6.31	4.82153e-06
6.315	4.75004e-06
6.32	4.54464e-06
6.325	4.33371e-06
6.33	4.05112e-06
6.335	3.84795e-06
6.34	3.65183e-06
6.345	3.53664e-06
6.35	3.45701e-06
6.355	3.43531e-06
6.36	3.44718e-06
6.365	3.53037e-06
6.37	3.63646e-06
6.375	3.81228e-06
6.38	3.95843e-06
6.385	4.14763e-06
6.39	4.26491e-06
6.395	4.41215e-06
6.4	4.48836e-06
6.405	4.61723e-06
6.41	4.69574e-06
6.415	4.84576e-06
6.42	4.95736e-06
6.425	5.14437e-06
6.43	5.28936e-06
6.435	5.49886e-06
6.44	5.64892e-06
6.445	5.83315e-06
6.45	5.90614e-06
6.455	5.96678e-06
6.46	5.85214e-06
6.465	5.71408e-06
6.47	5.42835e-06
6.475	5.18132e-06
6.48	4.89268e-06
6.485	4.66531e-06
6.49	4.45204e-06
6.495	4.28428e-06
6.5	4.13503e-06
6.505	4.03771e-06
6.51	3.96618e-06
6.515	3.95573e-06
6.52	3.9389e-06
6.525	3.96274e-06
6.53	3.92805e-06
6.535	3.91412e-06
6.54	3.81942e-06
6.545	3.76602e-06
6.55	3.65228e-06
6.555	3.60649e-06
6.56	3.52549e-06
6.565	3.53311e-06
6.57	3.51316e-06
6.575	3.57701e-06
6.58	3.60225e-06
6.585	3.69016e-06
6.59	3.69915e-06
6.595	3.73278e-06
6.6	3.63379e-06
6.605	3.50989e-06
6.61	3.25167e-06
6.615	3.01106e-06
6.62	2.70905e-06
6.625	2.49534e-06
6.63	2.29787e-06
6.635	2.17765e-06
6.64	2.08563e-06
6.645	2.05208e-06
6.65	2.05382e-06
6.655	2.12867e-06
6.66	2.22712e-06
6.665	2.39087e-06
6.67	2.50407e-06
6.675	2.65659e-06
6.68	2.73243e-06
6.685	2.84666e-06
6.69	2.89538e-06
6.695	3.00776e-06
6.7	3.07701e-06
6.705	3.22248e-06
6.71	3.33868e-06
6.715	3.53367e-06
6.72	3.69148e-06
6.725	3.91644e-06
6.73	4.09136e-06
6.735	4.30222e-06
6.74	4.38862e-06
6.745	4.48395e-06
6.75	4.43188e-06
6.755	4.35975e-06
6.76	4.19788e-06
6.765	4.09935e-06
6.77	3.9999e-06
6.775	3.98565e-06
6.78	3.99714e-06
6.785	4.07992e-06
6.79	4.19789e-06
6.795	4.39245e-06
6.8	4.62031e-06
6.805	4.93258e-06
6.81	5.22303e-06
6.815	5.56797e-06
6.82	5.83826e-06
6.825	6.12804e-06
6.83	6.33623e-06
6.835	6.57922e-06
6.84	6.75336e-06
6.845	6.97889e-06
6.85	7.16062e-06
6.855	7.40362e-06
6.86	7.59569e-06
6.865	7.84469e-06
6.87	8.02487e-06
6.875	8.23867e-06
6.88	8.31645e-06
6.885	8.39538e-06
6.89	8.29043e-06
6.895	8.13455e-06
6.9	7.81875e-06
6.905	7.50305e-06
6.91	7.13098e-06
6.915	6.80545e-06
6.92	6.47661e-06
6.925	6.19497e-06
6.93	5.91586e-06
6.935	5.67723e-06
6.94	5.45405e-06
6.945	5.28816e-06
6.95	5.11479e-06
6.955	4.9878e-06
6.96	4.80167e-06
6.965	4.63763e-06
6.97	4.38514e-06
6.975	4.16979e-06
6.98	3.88811e-06
6.985	3.66662e-06
6.99	3.42022e-06
6.995	3.24438e-06
7	3.04941e-06
7.005	2.94695e-06
7.01	2.82317e-06
7.015	2.78367e-06
7.02	2.69297e-06
7.025	2.66204e-06
7.03	2.53056e-06
7.035	2.40561e-06
7.04	2.16445e-06
7.045	1.94474e-06
7.05	1.66425e-06
7.055	1.4703e-06
7.06	1.29026e-06
7.065	1.19645e-06
7.07	1.11893e-06
7.075	1.10384e-06
7.08	1.11179e-06
7.085	1.18405e-06
7.09	1.27392e-06
7.095	1.42867e-06
7.1	1.53926e-06
7.105	1.69425e-06
7.11	1.76309e-06
7.115	1.86076e-06
7.12	1.87814e-06
7.125	1.94423e-06
7.13	1.95619e-06
7.135	2.04172e-06
7.14	2.08784e-06
7.145	2.21369e-06
7.15	2.30473e-06
7.155	2.46592e-06
7.16	2.56491e-06
7.165	2.71041e-06
7.17	2.73041e-06
7.175	2.76178e-06
7.18	2.62704e-06
7.185	2.47604e-06
7.19	2.20582e-06
7.195	1.99361e-06
7.2	1.76559e-06
7.205	1.61794e-06
7.21	1.49915e-06
7.215	1.43427e-06
7.22	1.40888e-06
7.225	1.43493e-06
7.23	1.49921e-06
7.235	1.63654e-06
7.24	1.75609e-06
7.245	1.92736e-06
7.25	2.0359e-06
7.255	2.16498e-06
7.26	2.21272e-06
7.265	2.29857e-06
7.27	2.3233e-06
7.275	2.41563e-06
7.28	2.46835e-06
7.285	2.60335e-06
7.29	2.71351e-06
7.295	2.90853e-06
7.3	3.06533e-06
7.305	3.29792e-06
7.31	3.44993e-06
7.315	3.65449e-06
7.32	3.72767e-06
7.325	3.78958e-06
7.33	3.73717e-06
7.335	3.7101e-06
7.34	3.65856e-06
7.345	3.68742e-06
7.35	3.76185e-06
7.355	3.91473e-06
7.36	4.10779e-06
7.365	4.36486e-06
7.37	4.65906e-06
7.375	5.02594e-06
7.38	5.39968e-06
7.385	5.82524e-06
7.39	6.19968e-06
7.395	6.58812e-06
7.4	6.86281e-06
7.405	7.14476e-06
7.41	7.32074e-06
7.415	7.51473e-06
7.42	7.62256e-06
7.425	7.7689e-06
7.43	7.84093e-06
7.435	7.96721e-06
7.44	8.01428e-06
7.445	8.08566e-06
7.45	8.0505e-06
7.455	8.00488e-06
7.46	7.79878e-06
7.465	7.53076e-06
7.47	7.07691e-06
7.475	6.57571e-06
7.48	5.96413e-06
7.485	5.39651e-06
7.49	4.82045e-06
7.495	4.31864e-06
7.5	3.84179e-06
7.505	3.42106e-06
7.51	3.04984e-06
7.515	2.75018e-06
7.52	2.49481e-06
7.525	2.32987e-06
7.53	2.16226e-06
7.535	2.0665e-06
7.54	1.93028e-06
7.545	1.8542e-06
7.55	1.74187e-06
7.555	1.71695e-06
7.56	1.67148e-06
7.565	1.72184e-06
7.57	1.75383e-06
7.575	1.87804e-06
7.58	1.97811e-06
7.585	2.15689e-06
7.59	2.28905e-06
7.595	2.4641e-06
7.6	2.53799e-06
7.605	2.60726e-06
7.61	2.51338e-06
7.615	2.38959e-06
7.62	2.12795e-06
7.625	1.89891e-06
7.63	1.6388e-06
7.635	1.45195e-06
7.64	1.29197e-06
7.645	1.19277e-06
7.65	1.12575e-06
7.655	1.12079e-06
7.66	1.15245e-06
7.665	1.25709e-06
7.67	1.3638e-06
7.675	1.5204e-06
7.68	1.62205e-06
7.685	1.74466e-06
7.69	1.78208e-06
7.695	1.85037e-06
7.7	1.85069e-06
7.705	1.91302e-06
7.71	1.92941e-06
7.715	2.02563e-06
7.72	2.09048e-06
7.725	2.23364e-06
7.73	2.33403e-06
7.735	2.49372e-06
7.74	2.57238e-06
7.745	2.67624e-06
7.75	2.64517e-06
7.755	2.58042e-06
7.76	2.37692e-06
7.765	2.17027e-06
7.77	1.89608e-06
7.775	1.70085e-06
7.78	1.5169e-06
7.785	1.41184e-06
7.79	1.3311e-06
7.795	1.30704e-06
7.8	1.31463e-06
7.805	1.38775e-06
7.81	1.48137e-06
7.815	1.63711e-06
7.82	1.75104e-06
7.825	1.90056e-06
7.83	1.97113e-06
7.835	2.0697e-06
7.84	2.09481e-06
7.845	2.17473e-06
7.85	2.20489e-06
7.855	2.31019e-06
7.86	2.38927e-06
7.865	2.55076e-06
7.87	2.67925e-06
7.875	2.88138e-06
7.88	3.02913e-06
7.885	3.24357e-06
7.89	3.34579e-06
7.895	3.46082e-06
7.9	3.42742e-06
7.905	3.39792e-06
7.91	3.28344e-06
7.915	3.24109e-06
7.92	3.20524e-06
7.925	3.26841e-06
7.93	3.36071e-06
7.935	3.54421e-06
7.94	3.76322e-06
7.945	4.05727e-06
7.95	4.38069e-06
7.955	4.77997e-06
7.96	5.15884e-06
7.965	5.58946e-06
7.97	5.94016e-06
7.975	6.29773e-06
7.98	6.57858e-06
7.985	6.88123e-06
7.99	7.09835e-06
7.995	7.36381e-06
8	7.55304e-06
8.005	7.78398e-06
8.01	7.93907e-06
8.015	8.12992e-06
8.02	8.23411e-06
8.025	8.35339e-06
8.03	8.34616e-06
8.035	8.31649e-06
8.04	8.10027e-06
8.045	7.82624e-06
8.05	7.37931e-06
8.055	6.91749e-06
8.06	6.37888e-06
8.065	5.89024e-06
8.07	5.38746e-06
8.075	4.93322e-06
8.08	4.49712e-06
8.085	4.10052e-06
8.09	3.73383e-06
8.095	3.43934e-06
8.1	3.16567e-06
8.105	2.95625e-06
8.11	2.7151e-06
8.115	2.52621e-06
8.12	2.28184e-06
8.125	2.10964e-06
8.13	1.90899e-06
8.135	1.81214e-06
8.14	1.71947e-06
8.145	1.74534e-06
8.15	1.77409e-06
8.155	1.90651e-06
8.16	2.01831e-06
8.165	2.20275e-06
8.17	2.33142e-06
8.175	2.48594e-06
8.18	2.51502e-06
8.185	2.51286e-06
8.19	2.35822e-06
8.195	2.18218e-06
8.2	1.91198e-06
8.205	1.70688e-06
8.21	1.49616e-06
8.215	1.35869e-06
8.22	1.25356e-06
8.225	1.20449e-06
8.23	1.19157e-06
8.235	1.252e-06
8.24	1.33717e-06
8.245	1.49385e-06
8.25	1.60985e-06
8.255	1.76689e-06
8.26	1.84035e-06
8.265	1.93583e-06
8.27	1.94984e-06
8.275	2.00878e-06
8.28	2.01284e-06
8.285	2.08598e-06
8.29	2.12139e-06
8.295	2.23748e-06
8.3	2.31785e-06
8.305	2.4717e-06
8.31	2.56838e-06
8.315	2.71299e-06
8.32	2.736e-06
8.325	2.77586e-06
8.33	2.65233e-06
8.335	2.50622e-06
8.34	2.23883e-06
8.345	2.02162e-06
8.35	1.78423e-06
8.355	1.62709e-06
8.36	1.49908e-06
8.365	1.42767e-06
8.37	1.39691e-06
8.375	1.41817e-06
8.38	1.48186e-06
8.385	1.61393e-06
8.39	1.74289e-06
8.395	1.91777e-06
8.4	2.03434e-06
8.405	2.17232e-06
8.41	2.22681e-06
8.415	2.31626e-06
8.42	2.33909e-06
8.425	2.42415e-06
8.43	2.4646e-06
8.435	2.58576e-06
8.44	2.68376e-06
8.445	2.86983e-06
8.45	3.0247e-06
8.455	3.24999e-06
8.46	3.40036e-06
8.465	3.60495e-06
8.47	3.67303e-06
8.475	3.73662e-06
8.48	3.67116e-06
8.485	3.63517e-06
8.49	3.54388e-06
8.495	3.55198e-06
8.5	3.58844e-06
8.505	3.71225e-06
8.51	3.8721e-06
8.515	4.10788e-06
8.52	4.3809e-06
8.525	4.7312e-06
8.53	5.09082e-06
8.535	5.51208e-06
8.54	5.87465e-06
8.545	6.25642e-06
8.55	6.52756e-06
8.555	6.81072e-06
8.56	6.99506e-06
8.565	7.20402e-06
8.57	7.33356e-06
8.575	7.50413e-06
8.58	7.60441e-06
8.585	7.74313e-06
8.59	7.81339e-06
8.595	7.9029e-06
8.6	7.88431e-06
8.605	7.85948e-06
8.61	7.68245e-06
8.615	7.45429e-06
8.62	7.03111e-06
8.625	6.5715e-06
8.63	5.99471e-06
8.635	5.46332e-06
8.64	4.90912e-06
8.645	4.43611e-06
8.65	3.98514e-06
8.655	3.58703e-06
8.66	3.23386e-06
8.665	2.94589e-06
8.67	2.69634e-06
8.675	2.53309e-06
8.68	2.36337e-06
8.685	2.26035e-06
8.69	2.11184e-06
8.695	2.01426e-06
8.7	1.87129e-06
8.705	1.8131e-06
8.71	1.73411e-06
8.715	1.75577e-06
8.72	1.76444e-06
8.725	1.87041e-06
8.73	1.95587e-06
8.735	2.12434e-06
8.74	2.25152e-06
8.745	2.43015e-06
8.75	2.51205e-06
8.755	2.59557e-06
8.76	2.52017e-06
8.765	2.412e-06
8.77	2.16226e-06
8.775	1.9349e-06
8.78	1.67173e-06
8.785	1.47835e-06
8.79	1.30954e-06
8.795	1.19977e-06
8.8	1.11986e-06
8.805	1.10071e-06
8.81	1.11558e-06
8.815	1.20388e-06
8.82	1.29615e-06
8.825	1.44159e-06
8.83	1.53553e-06
8.835	1.65189e-06
8.84	1.6824e-06
8.845	1.74629e-06
8.85	1.73996e-06
8.855	1.79487e-06
8.86	1.80371e-06
8.865	1.89197e-06
8.87	1.94785e-06
8.875	2.08385e-06
8.88	2.17984e-06
8.885	2.33762e-06
8.89	2.42582e-06
8.895	2.53393e-06
8.9	2.51125e-06
8.905	2.46218e-06
8.91	2.26593e-06
8.915	2.06277e-06
8.92	1.78858e-06
8.925	1.58503e-06
8.93	1.39647e-06
8.935	1.28674e-06
8.94	1.19603e-06
8.945	1.16976e-06
8.95	1.17041e-06
8.955	1.23826e-06
8.96	1.3242e-06
8.965	1.47206e-06
8.97	1.58196e-06
8.975	1.72782e-06
8.98	1.79291e-06
8.985	1.88437e-06
8.99	1.90403e-06
8.995	1.97974e-06
9	2.00821e-06
9.005	2.11353e-06
9.01	2.19122e-06
9.015	2.35426e-06
9.02	2.48685e-06
9.025	2.69354e-06
9.03	2.85321e-06
9.035	3.04302e-06
9.04	3.14841e-06
9.045	3.24853e-06
9.05	3.19725e-06
9.055	3.12751e-06
9.06	2.95692e-06
9.065	2.8457e-06
9.07	2.72996e-06
9.075	2.71052e-06
9.08	2.74262e-06
9.085	2.85321e-06
9.09	3.01188e-06
9.095	3.25672e-06
9.1	3.53877e-06
9.105	3.8963e-06
9.11	4.26366e-06
9.115	4.68185e-06
9.12	5.02172e-06
9.125	5.3822e-06
9.13	5.65969e-06
9.135	5.9703e-06
9.14	6.19836e-06
9.145	6.49454e-06
9.15	6.73043e-06
9.155	7.04933e-06
9.16	7.31485e-06
9.165	7.65742e-06
9.17	7.93007e-06
9.175	8.25423e-06
9.18	8.44469e-06
9.185	8.63805e-06
9.19	8.64471e-06
9.195	8.58661e-06
9.2	8.35118e-06
9.205	8.09198e-06
9.21	7.7553e-06
9.215	7.45388e-06
9.22	7.13768e-06
9.225	6.86587e-06
9.23	6.5845e-06
9.235	6.33489e-06
9.24	6.08471e-06
9.245	5.88013e-06
9.25	5.65933e-06
9.255	5.47358e-06
9.26	5.21505e-06
9.265	4.98456e-06
9.27	4.65217e-06
9.275	4.35927e-06
9.28	3.99183e-06
9.285	3.69416e-06
9.29	3.35843e-06
9.295	3.1199e-06
9.3	2.86882e-06
9.305	2.72607e-06
9.31	2.58345e-06
9.315	2.54993e-06
9.32	2.505e-06
9.325	2.53841e-06
9.33	2.49701e-06
9.335	2.46225e-06
9.34	2.3137e-06
9.345	2.15162e-06
9.35	1.91438e-06
9.355	1.73378e-06
9.36	1.55197e-06
9.365	1.42885e-06
9.37	1.32281e-06
9.375	1.26611e-06
9.38	1.22759e-06
9.385	1.25065e-06
9.39	1.29598e-06
9.395	1.41144e-06
9.4	1.5028e-06
9.405	1.6346e-06
9.41	1.69496e-06
9.415	1.77466e-06
9.42	1.77511e-06
9.425	1.82e-06
9.43	1.80718e-06
9.435	1.86432e-06
9.44	1.88287e-06
9.445	1.98475e-06
9.45	2.05197e-06
9.455	2.19345e-06
9.46	2.28419e-06
9.465	2.42567e-06
9.47	2.44914e-06
9.475	2.49422e-06
9.48	2.38057e-06
9.485	2.25082e-06
9.49	1.99509e-06
9.495	1.78012e-06
9.5	1.54591e-06
9.505	1.38641e-06
9.51	1.25724e-06
9.515	1.18577e-06
9.52	1.1547e-06
9.525	1.17258e-06
9.53	1.22694e-06
9.535	1.35237e-06
9.54	1.47633e-06
9.545	1.65184e-06
9.55	1.77066e-06
9.555	1.91683e-06
9.56	1.98057e-06
9.565	2.08649e-06
9.57	2.13693e-06
9.575	2.25672e-06
9.58	2.33878e-06
9.585	2.50991e-06
9.59	2.65076e-06
9.595	2.87514e-06
9.6	3.05823e-06
9.605	3.30333e-06
9.61	3.46778e-06
9.615	3.66375e-06
9.62	3.72497e-06
9.625	3.76342e-06
9.63	3.65767e-06
9.635	3.55445e-06
9.64	3.3787e-06
9.645	3.28016e-06
9.65	3.19241e-06
9.655	3.18342e-06
9.66	3.19173e-06
9.665	3.26622e-06
9.67	3.36985e-06
9.675	3.54981e-06
9.68	3.74426e-06
9.685	4.00847e-06
9.69	4.23525e-06
9.695	4.51003e-06
9.7	4.69889e-06
9.705	4.92026e-06
9.71	5.07147e-06
9.715	5.27822e-06
9.72	5.43714e-06
9.725	5.67306e-06
9.73	5.87625e-06
9.735	6.16072e-06
9.74	6.4069e-06
9.745	6.72198e-06
9.75	6.97046e-06
9.755	7.25565e-06
9.76	7.39965e-06
9.765	7.547e-06
9.77	7.51507e-06
9.775	7.46074e-06
9.78	7.2896e-06
9.785	7.16634e-06
9.79	7.01279e-06
9.795	6.92333e-06
9.8	6.84099e-06
9.805	6.79581e-06
9.81	6.76825e-06
9.815	6.77029e-06
9.82	6.78369e-06
9.825	6.84714e-06
9.83	6.86223e-06
9.835	6.90725e-06
9.84	6.86531e-06
9.845	6.82685e-06
9.85	6.69581e-06
9.855	6.5917e-06
9.86	6.41558e-06
9.865	6.29467e-06
9.87	6.12687e-06
9.875	6.0302e-06
9.88	5.88823e-06
9.885	5.81404e-06
9.89	5.68969e-06
9.895	5.61753e-06
9.9	5.45493e-06
9.905	5.30695e-06
9.91	5.00972e-06
9.915	4.69972e-06
9.92	4.25291e-06
9.925	3.83208e-06
9.93	3.37381e-06
9.935	3.0026e-06
9.94	2.65318e-06
9.945	2.38952e-06
9.95	2.15258e-06
9.955	1.99467e-06
9.96	1.88177e-06
9.965	1.85268e-06
9.97	1.85366e-06
9.975	1.92186e-06
9.98	1.9563e-06
9.985	2.02577e-06
9.99	2.02104e-06
9.995	2.0527e-06
10	2.01636e-06
10.005	2.04179e-06
10.01	2.02213e-06
10.015	2.08221e-06
10.02	2.11172e-06
10.025	2.22507e-06
10.03	2.30139e-06
10.035	2.4476e-06
10.04	2.52983e-06
10.045	2.6467e-06
10.05	2.6253e-06
10.055	2.60057e-06
10.06	2.42986e-06
10.065	2.25428e-06
10.07	1.99647e-06
10.075	1.81628e-06
10.08	1.6359e-06
10.085	1.53709e-06
10.09	1.46745e-06
10.095	1.45024e-06
10.1	1.4689e-06
10.105	1.55222e-06
10.11	1.66044e-06
10.115	1.83608e-06
10.12	1.98116e-06
10.125	2.16974e-06
10.13	2.28861e-06
10.135	2.43643e-06
10.14	2.51998e-06
10.145	2.65948e-06
10.15	2.75162e-06
10.155	2.92423e-06
10.16	3.06496e-06
10.165	3.28215e-06
10.17	3.47045e-06
10.175	3.72654e-06
10.18	3.93174e-06
10.185	4.18016e-06
10.19	4.32352e-06
10.195	4.47294e-06
10.2	4.45869e-06
10.205	4.42338e-06
10.21	4.25864e-06
10.215	4.13432e-06
10.22	3.98352e-06
10.225	3.9052e-06
10.23	3.85168e-06
10.235	3.85122e-06
10.24	3.87516e-06
10.245	3.9618e-06
10.25	4.06196e-06
10.255	4.24285e-06
10.26	4.41454e-06
10.265	4.63066e-06
10.27	4.77765e-06
10.275	4.94507e-06
10.28	5.02897e-06
10.285	5.14558e-06
10.29	5.19346e-06
10.295	5.30178e-06
10.3	5.36405e-06
10.305	5.5024e-06
10.31	5.60621e-06
10.315	5.78519e-06
10.32	5.91941e-06
10.325	6.10696e-06
10.33	6.21664e-06
10.335	6.33625e-06
10.34	6.31651e-06
10.345	6.26971e-06
10.35	6.08516e-06
10.355	5.90457e-06
10.36	5.68513e-06
10.365	5.52883e-06
10.37	5.38993e-06
10.375	5.32456e-06
10.38	5.28874e-06
10.385	5.3105e-06
10.39	5.36222e-06
10.395	5.48926e-06
10.4	5.63555e-06
10.405	5.84806e-06
10.41	6.01246e-06
10.415	6.21383e-06
10.42	6.3367e-06
10.425	6.48438e-06
10.43	6.55183e-06
10.435	6.66176e-06
10.44	6.71271e-06
10.445	6.81829e-06
10.45	6.86771e-06
10.455	6.97844e-06
10.46	7.03535e-06
10.465	7.1441e-06
10.47	7.1779e-06
10.475	7.23295e-06
10.48	7.1635e-06
10.485	7.08506e-06
10.49	6.83613e-06
10.495	6.57261e-06
10.5	6.21073e-06
10.505	5.90671e-06
10.51	5.59236e-06
10.515	5.35263e-06
10.52	5.14173e-06
10.525	4.98431e-06
10.53	4.85451e-06
10.535	4.79169e-06
10.54	4.75135e-06
10.545	4.77749e-06
10.55	4.79344e-06
10.555	4.8426e-06
10.56	4.82518e-06
10.565	4.82262e-06
10.57	4.75172e-06
10.575	4.72046e-06
10.58	4.63214e-06
10.585	4.61559e-06
10.59	4.56221e-06
10.595	4.5945e-06
10.6	4.59741e-06
10.605	4.67902e-06
10.61	4.71834e-06
10.615	4.81948e-06
10.62	4.81471e-06
10.625	4.84374e-06
10.63	4.72403e-06
10.635	4.58878e-06
10.64	4.32913e-06
10.645	4.1078e-06
10.65	3.86373e-06
10.655	3.70118e-06
10.66	3.57069e-06
10.665	3.50794e-06
10.67	3.47967e-06
10.675	3.51361e-06
10.68	3.58207e-06
10.685	3.7237e-06
10.69	3.86808e-06
10.695	4.06671e-06
10.7	4.21277e-06
10.705	4.38677e-06
10.71	4.47801e-06
10.715	4.60688e-06
10.72	4.66791e-06
10.725	4.78887e-06
10.73	4.8609e-06
10.735	5.00639e-06
10.74	5.11093e-06
10.745	5.2843e-06
10.75	5.40778e-06
10.755	5.57953e-06
10.76	5.6729e-06
10.765	5.77281e-06
10.77	5.73238e-06
10.775	5.64933e-06
10.78	5.40791e-06
10.785	5.14385e-06
10.79	4.78467e-06
10.795	4.48248e-06
10.8	4.17575e-06
10.805	3.94118e-06
10.81	3.71499e-06
10.815	3.54635e-06
10.82	3.40375e-06
10.825	3.33011e-06
10.83	3.27758e-06
10.835	3.29466e-06
10.84	3.27174e-06
10.845	3.29029e-06
10.85	3.23667e-06
10.855	3.20988e-06
10.86	3.11063e-06
10.865	3.06625e-06
10.87	2.9745e-06
10.875	2.96528e-06
10.88	2.92676e-06
10.885	2.97912e-06
10.89	3.00234e-06
10.895	3.10611e-06
10.9	3.15762e-06
10.905	3.26253e-06
10.91	3.2506e-06
10.915	3.25433e-06
10.92	3.09845e-06
10.925	2.93418e-06
10.93	2.65237e-06
10.935	2.42468e-06
10.94	2.18308e-06
10.945	2.02146e-06
10.95	1.88987e-06
10.955	1.81503e-06
10.96	1.78202e-06
10.965	1.8029e-06
10.97	1.86443e-06
10.975	2.00431e-06
10.98	2.12541e-06
10.985	2.30009e-06
10.99	2.41377e-06
10.995	2.54791e-06
11	2.6016e-06
11.005	2.69801e-06
11.01	2.7377e-06
11.015	2.84831e-06
11.02	2.92289e-06
11.025	3.08121e-06
11.03	3.21413e-06
11.035	3.42568e-06
11.04	3.60058e-06
11.045	3.83895e-06
11.05	3.9996e-06
11.055	4.19748e-06
11.06	4.25852e-06
11.065	4.30145e-06
11.07	4.21757e-06
11.075	4.15303e-06
11.08	4.05816e-06
11.085	4.04456e-06
11.09	4.05454e-06
11.095	4.14507e-06
11.1	4.27376e-06
11.105	4.46874e-06
11.11	4.70216e-06
11.115	5.01129e-06
11.12	5.33391e-06
11.125	5.72107e-06
11.13	6.05488e-06
11.135	6.41605e-06
11.14	6.67756e-06
11.145	6.95674e-06
11.15	7.1424e-06
11.155	7.35974e-06
11.16	7.50192e-06
11.165	7.68994e-06
11.17	7.81238e-06
11.175	7.97906e-06
11.18	8.08801e-06
11.185	8.22338e-06
11.19	8.27148e-06
11.195	8.30996e-06
11.2	8.19554e-06
11.205	8.0292e-06
11.21	7.67697e-06
11.215	7.28127e-06
11.22	6.76494e-06
11.225	6.29548e-06
11.23	5.79959e-06
11.235	5.37595e-06
11.24	4.95709e-06
11.245	4.59426e-06
11.25	4.24776e-06
11.255	3.97617e-06
11.26	3.72528e-06
11.265	3.54744e-06
11.27	3.35001e-06
11.275	3.20327e-06
11.28	2.99467e-06
11.285	2.82262e-06
11.29	2.5876e-06
11.295	2.42081e-06
11.3	2.22207e-06
11.305	2.12246e-06
11.31	2.01929e-06
11.315	2.03241e-06
11.32	2.04644e-06
11.325	2.16204e-06
11.33	2.251e-06
11.335	2.40127e-06
11.34	2.46388e-06
11.345	2.5342e-06
11.35	2.45043e-06
11.355	2.33856e-06
11.36	2.08822e-06
11.365	1.86364e-06
11.37	1.605e-06
11.375	1.41396e-06
11.38	1.24601e-06
11.385	1.13601e-06
11.39	1.05624e-06
11.395	1.03957e-06
11.4	1.05814e-06
11.405	1.14847e-06
11.41	1.23873e-06
11.415	1.3785e-06
11.42	1.46046e-06
11.425	1.56351e-06
11.43	1.58038e-06
11.435	1.63214e-06
11.44	1.61401e-06
11.445	1.65821e-06
11.45	1.65798e-06
11.455	1.73645e-06
11.46	1.78294e-06
11.465	1.91081e-06
11.47	2.00145e-06
11.475	2.15677e-06
11.48	2.23614e-06
11.485	2.3429e-06
11.49	2.31747e-06
11.495	2.26389e-06
11.5	2.06677e-06
11.505	1.87038e-06
11.51	1.60066e-06
11.515	1.40855e-06
11.52	1.22848e-06
11.525	1.13128e-06
11.53	1.05122e-06
11.535	1.03734e-06
11.54	1.05109e-06
11.545	1.13462e-06
11.55	1.23617e-06
11.555	1.40206e-06
11.56	1.52002e-06
11.565	1.67117e-06
11.57	1.7427e-06
11.575	1.83634e-06
11.58	1.8524e-06
11.585	1.92191e-06
11.59	1.94195e-06
11.595	2.03883e-06
11.6	2.10494e-06
11.605	2.25691e-06
11.61	2.3777e-06
11.615	2.57199e-06
11.62	2.71212e-06
11.625	2.89766e-06
11.63	2.95775e-06
11.635	3.03102e-06
11.64	2.93828e-06
11.645	2.83313e-06
11.65	2.62612e-06
11.655	2.47734e-06
11.66	2.31925e-06
11.665	2.24357e-06
11.67	2.20233e-06
11.675	2.22214e-06
11.68	2.27735e-06
11.685	2.40723e-06
11.69	2.56719e-06
11.695	2.80521e-06
11.7	3.0401e-06
11.705	3.31996e-06
11.71	3.53985e-06
11.715	3.78346e-06
11.72	3.94753e-06
11.725	4.15435e-06
11.73	4.2998e-06
11.735	4.50921e-06
11.74	4.67692e-06
11.745	4.91548e-06
11.75	5.12768e-06
11.755	5.40179e-06
11.76	5.63922e-06
11.765	5.91784e-06
11.77	6.11652e-06
11.775	6.31752e-06
11.78	6.38067e-06
11.785	6.40097e-06
11.79	6.29951e-06
11.795	6.1938e-06
11.8	6.05994e-06
11.805	5.98325e-06
11.81	5.93933e-06
11.815	5.95349e-06
11.82	5.98829e-06
11.825	6.0848e-06
11.83	6.21467e-06
11.835	6.40359e-06
11.84	6.60643e-06
11.845	6.85619e-06
11.85	7.05708e-06
11.855	7.27012e-06
11.86	7.40557e-06
11.865	7.55934e-06
11.87	7.63446e-06
11.875	7.76113e-06
11.88	7.83205e-06
11.885	7.97399e-06
11.89	8.07618e-06
11.895	8.25364e-06
11.9	8.38608e-06
11.905	8.57659e-06
11.91	8.6953e-06
11.915	8.83934e-06
11.92	8.83473e-06
11.925	8.82601e-06
11.93	8.65611e-06
11.935	8.46803e-06
11.94	8.19302e-06
11.945	7.97587e-06
11.95	7.74751e-06
11.955	7.58293e-06
11.96	7.43096e-06
11.965	7.31417e-06
11.97	7.21034e-06
11.975	7.15721e-06
11.98	7.11019e-06
11.985	7.11752e-06
11.99	7.08239e-06
11.995	7.07867e-06
12	6.99365e-06
12.005	6.93093e-06
12.01	6.78505e-06
12.015	6.68451e-06
12.02	6.52426e-06
12.025	6.43536e-06
12.03	6.30161e-06
12.035	6.24093e-06
12.04	6.14079e-06
12.045	6.11058e-06
12.05	6.02756e-06
12.055	5.98549e-06
12.06	5.84393e-06
12.065	5.70041e-06
12.07	5.40642e-06
12.075	5.09638e-06
12.08	4.6649e-06
12.085	4.2855e-06
12.09	3.88335e-06
12.095	3.56159e-06
12.1	3.27481e-06
12.105	3.05254e-06
12.11	2.86785e-06
12.115	2.75325e-06
12.12	2.68118e-06
12.125	2.68666e-06
12.13	2.70075e-06
12.135	2.77046e-06
12.14	2.79271e-06
12.145	2.84486e-06
12.15	2.81936e-06
12.155	2.84827e-06
12.16	2.81573e-06
12.165	2.85498e-06
12.17	2.85849e-06
12.175	2.95026e-06
12.18	3.01764e-06
12.185	3.17053e-06
12.19	3.28846e-06
12.195	3.47309e-06
12.2	3.58233e-06
12.205	3.72067e-06
12.21	3.7295e-06
12.215	3.71796e-06
12.22	3.5743e-06
12.225	3.44597e-06
12.23	3.25965e-06
12.235	3.15878e-06
12.24	3.07682e-06
12.245	3.07761e-06
12.25	3.09704e-06
12.255	3.18267e-06
12.26	3.29603e-06
12.265	3.47716e-06
12.27	3.67228e-06
12.275	3.92681e-06
12.28	4.12622e-06
12.285	4.35776e-06
12.29	4.50406e-06
12.295	4.67739e-06
12.3	4.77339e-06
12.305	4.91829e-06
12.31	5.00752e-06
12.315	5.16309e-06
12.32	5.2743e-06
12.325	5.45303e-06
12.33	5.58179e-06
12.335	5.76351e-06
12.34	5.87272e-06
12.345	6.00003e-06
12.35	5.99904e-06
12.355	5.96997e-06
12.36	5.76228e-06
12.365	5.52624e-06
12.37	5.17226e-06
12.375	4.86188e-06
12.38	4.52789e-06
12.385	4.26222e-06
12.39	4.01884e-06
12.395	3.82508e-06
12.4	3.65778e-06
12.405	3.55812e-06
12.41	3.4815e-06
12.415	3.47808e-06
12.42	3.45316e-06
12.425	3.47527e-06
12.43	3.42981e-06
12.435	3.40639e-06
12.44	3.30694e-06
12.445	3.25171e-06
12.45	3.14011e-06
12.455	3.10525e-06
12.46	3.03588e-06
12.465	3.05598e-06
12.47	3.04868e-06
12.475	3.12662e-06
12.48	3.16078e-06
12.485	3.26003e-06
12.49	3.25759e-06
12.495	3.28568e-06
12.5	3.16526e-06
12.505	3.02807e-06
12.51	2.76131e-06
12.515	2.52429e-06
12.52	2.25954e-06
12.525	2.0716e-06
12.53	1.90661e-06
12.535	1.8163e-06
12.54	1.75401e-06
12.545	1.75062e-06
12.55	1.78372e-06
12.555	1.8969e-06
12.56	2.01213e-06
12.565	2.18579e-06
12.57	2.30644e-06
12.575	2.4573e-06
12.58	2.52378e-06
12.585	2.62667e-06
12.59	2.66496e-06
12.595	2.76957e-06
12.6	2.83429e-06
12.605	2.98116e-06
12.61	3.10347e-06
12.615	3.30719e-06
12.62	3.47772e-06
12.625	3.72305e-06
12.63	3.90195e-06
12.635	4.12772e-06
12.64	4.23518e-06
12.645	4.32631e-06
12.65	4.28777e-06
12.655	4.24915e-06
12.66	4.14448e-06
12.665	4.12131e-06
12.67	4.11533e-06
12.675	4.19573e-06
12.68	4.30881e-06
12.685	4.49479e-06
12.69	4.71547e-06
12.695	5.01038e-06
12.7	5.33189e-06
12.705	5.718e-06
12.71	6.07164e-06
12.715	6.45306e-06
12.72	6.73842e-06
12.725	7.02937e-06
12.73	7.22058e-06
12.735	7.43336e-06
12.74	7.56318e-06
12.745	7.73174e-06
12.75	7.83336e-06
12.755	7.97844e-06
12.76	8.06631e-06
12.765	8.18346e-06
12.77	8.21863e-06
12.775	8.25393e-06
12.78	8.14815e-06
12.785	8.00359e-06
12.79	7.66582e-06
12.795	7.28374e-06
12.8	6.75578e-06
12.805	6.25016e-06
12.81	5.71339e-06
12.815	5.24618e-06
12.82	4.78335e-06
12.825	4.39206e-06
12.83	4.01809e-06
12.835	3.70285e-06
12.84	3.43227e-06
12.845	3.23196e-06
12.85	3.03531e-06
12.855	2.89461e-06
12.86	2.70666e-06
12.865	2.55998e-06
12.87	2.35111e-06
12.875	2.2079e-06
12.88	2.03196e-06
12.885	1.95489e-06
12.89	1.87216e-06
12.895	1.9039e-06
12.9	1.93287e-06
12.905	2.0605e-06
12.91	2.16183e-06
12.915	2.33154e-06
12.92	2.42245e-06
12.925	2.53139e-06
12.93	2.49562e-06
12.935	2.42458e-06
12.94	2.20422e-06
12.945	1.98283e-06
12.95	1.70935e-06
12.955	1.50088e-06
12.96	1.30142e-06
12.965	1.17578e-06
12.97	1.07211e-06
12.975	1.03611e-06
12.98	1.03227e-06
12.985	1.10477e-06
12.99	1.18588e-06
12.995	1.32891e-06
13	1.42655e-06
13.005	1.54898e-06
13.01	1.58766e-06
13.015	1.65396e-06
13.02	1.64469e-06
13.025	1.69002e-06
13.03	1.68587e-06
13.035	1.7568e-06
13.04	1.79488e-06
13.045	1.91297e-06
13.05	1.99656e-06
13.055	2.14864e-06
13.06	2.24193e-06
13.065	2.37071e-06
13.07	2.3639e-06
13.075	2.35782e-06
13.08	2.19283e-06
13.085	2.00913e-06
13.09	1.73318e-06
13.095	1.5231e-06
13.1	1.30858e-06
13.105	1.17395e-06
13.11	1.07148e-06
13.115	1.02543e-06
13.12	1.00953e-06
13.125	1.0611e-06
13.13	1.13402e-06
13.135	1.27566e-06
13.14	1.38836e-06
13.145	1.54143e-06
13.15	1.61905e-06
13.155	1.71647e-06
13.16	1.7323e-06
13.165	1.79533e-06
13.17	1.80456e-06
13.175	1.88683e-06
13.18	1.93712e-06
13.185	2.07323e-06
13.19	2.18247e-06
13.195	2.36905e-06
13.2	2.51458e-06
13.205	2.71362e-06
13.21	2.82408e-06
13.215	2.94493e-06
13.22	2.91713e-06
13.225	2.86126e-06
13.23	2.69402e-06
13.235	2.54748e-06
13.24	2.39153e-06
13.245	2.3058e-06
13.25	2.24861e-06
13.255	2.25823e-06
13.26	2.30462e-06
13.265	2.41894e-06
13.27	2.58853e-06
13.275	2.83812e-06
13.28	3.10237e-06
13.285	3.4359e-06
13.29	3.72052e-06
13.295	4.03404e-06
13.3	4.27884e-06
13.305	4.56582e-06
13.31	4.77362e-06
13.315	5.05145e-06
13.32	5.27089e-06
13.325	5.57121e-06
13.33	5.82198e-06
13.335	6.14708e-06
13.34	6.4279e-06
13.345	6.74775e-06
13.35	6.99264e-06
13.355	7.24489e-06
13.36	7.36924e-06
13.365	7.44402e-06
13.37	7.38025e-06
13.375	7.31109e-06
13.38	7.1638e-06
13.385	7.09088e-06
13.39	7.01364e-06
13.395	7.01807e-06
13.4	7.01236e-06
13.405	7.06811e-06
13.41	7.13006e-06
13.415	7.24231e-06
13.42	7.35277e-06
13.425	7.50355e-06
13.43	7.59452e-06
13.435	7.69768e-06
13.44	7.69937e-06
13.445	7.71392e-06
13.45	7.63151e-06
13.455	7.58362e-06
13.46	7.46661e-06
13.465	7.41016e-06
13.47	7.30074e-06
13.475	7.25419e-06
13.48	7.16065e-06
13.485	7.12555e-06
13.49	7.02546e-06
13.495	6.95183e-06
13.5	6.76367e-06
13.505	6.55964e-06
13.51	6.19328e-06
13.515	5.80669e-06
13.52	5.31147e-06
13.525	4.87074e-06
13.53	4.40847e-06
13.535	4.02434e-06
13.54	3.67164e-06
13.545	3.37784e-06
13.55	3.11879e-06
13.555	2.93452e-06
13.56	2.78262e-06
13.565	2.71337e-06
13.57	2.65107e-06
13.575	2.64225e-06
13.58	2.5875e-06
13.585	2.5689e-06
13.59	2.48516e-06
13.595	2.4673e-06
13.6	2.39838e-06
13.605	2.41005e-06
13.61	2.39316e-06
13.615	2.46685e-06
13.62	2.51751e-06
13.625	2.65394e-06
13.63	2.75329e-06
13.635	2.92037e-06
13.64	2.98925e-06
13.645	3.09806e-06
13.65	3.06523e-06
13.655	3.01559e-06
13.66	2.83757e-06
13.665	2.68677e-06
13.67	2.50505e-06
13.675	2.40102e-06
13.68	2.32679e-06
13.685	2.32413e-06
13.69	2.34619e-06
13.695	2.4351e-06
13.7	2.55344e-06
13.705	2.7444e-06
13.71	2.93826e-06
13.715	3.18955e-06
13.72	3.38836e-06
13.725	3.61419e-06
13.73	3.75609e-06
13.735	3.93286e-06
13.74	4.04035e-06
13.745	4.20686e-06
13.75	4.32762e-06
13.755	4.52374e-06
13.76	4.68432e-06
13.765	4.92099e-06
13.77	5.11534e-06
13.775	5.36877e-06
13.78	5.55467e-06
13.785	5.76073e-06
13.79	5.83896e-06
13.795	5.88225e-06
13.8	5.77227e-06
13.805	5.63032e-06
13.81	5.38447e-06
13.815	5.18864e-06
13.82	4.97156e-06
13.825	4.8114e-06
13.83	4.66183e-06
13.835	4.54692e-06
13.84	4.44385e-06
13.845	4.39445e-06
13.85	4.35223e-06
13.855	4.36501e-06
13.86	4.33798e-06
13.865	4.34065e-06
13.87	4.26346e-06
13.875	4.20371e-06
13.88	4.06345e-06
13.885	3.96929e-06
13.89	3.82262e-06
13.895	3.75139e-06
13.9	3.64775e-06
13.905	3.63318e-06
13.91	3.5907e-06
13.915	3.6279e-06
13.92	3.62047e-06
13.925	3.6721e-06
13.93	3.61002e-06
13.935	3.57528e-06
13.94	3.38502e-06
13.945	3.18303e-06
13.95	2.85896e-06
13.955	2.58938e-06
13.96	2.30102e-06
13.965	2.0954e-06
13.97	1.92286e-06
13.975	1.81178e-06
13.98	1.74513e-06
13.985	1.73285e-06
13.99	1.76302e-06
13.995	1.87257e-06
14	1.98001e-06
14.005	2.1393e-06
14.01	2.24634e-06
14.015	2.37853e-06
14.02	2.4281e-06
14.025	2.51834e-06
14.03	2.54756e-06
14.035	2.64531e-06
14.04	2.70522e-06
14.045	2.84862e-06
14.05	2.9684e-06
14.055	3.16844e-06
14.06	3.33415e-06
14.065	3.56981e-06
14.07	3.72936e-06
14.075	3.93034e-06
14.08	4.0047e-06
14.085	4.06085e-06
14.09	3.99361e-06
14.095	3.93539e-06
14.1	3.82152e-06
14.105	3.79668e-06
14.11	3.79451e-06
14.115	3.87704e-06
14.12	3.99238e-06
14.125	4.18107e-06
14.13	4.40836e-06
14.135	4.71405e-06
14.14	5.03604e-06
14.145	5.43036e-06
14.15	5.77707e-06
14.155	6.15509e-06
14.16	6.43471e-06
14.165	6.72939e-06
14.17	6.92894e-06
14.175	7.1573e-06
14.18	7.30849e-06
14.185	7.50292e-06
14.19	7.63063e-06
14.195	7.819e-06
14.2	7.93061e-06
14.205	8.08506e-06
14.21	8.14214e-06
14.215	8.19601e-06
14.22	8.10237e-06
14.225	7.96025e-06
14.23	7.62067e-06
14.235	7.23873e-06
14.24	6.72844e-06
14.245	6.24979e-06
14.25	5.74061e-06
14.255	5.2926e-06
14.26	4.86189e-06
14.265	4.47428e-06
14.27	4.12192e-06
14.275	3.82506e-06
14.28	3.5572e-06
14.285	3.36258e-06
14.29	3.16425e-06
14.295	3.01272e-06
14.3	2.807e-06
14.305	2.63868e-06
14.31	2.4101e-06
14.315	2.24965e-06
14.32	2.05796e-06
14.325	1.96629e-06
14.33	1.8723e-06
14.335	1.89535e-06
14.34	1.91801e-06
14.345	2.0414e-06
14.35	2.13856e-06
14.355	2.30082e-06
14.36	2.38053e-06
14.365	2.47378e-06
14.37	2.4166e-06
14.375	2.32806e-06
14.38	2.09536e-06
14.385	1.87824e-06
14.39	1.61883e-06
14.395	1.42554e-06
14.4	1.25445e-06
14.405	1.14689e-06
14.41	1.06097e-06
14.415	1.04412e-06
14.42	1.06031e-06
14.425	1.15153e-06
14.43	1.24768e-06
14.435	1.39934e-06
14.44	1.50005e-06
14.445	1.62269e-06
14.45	1.65944e-06
14.455	1.72698e-06
14.46	1.72305e-06
14.465	1.77784e-06
14.47	1.78597e-06
14.475	1.8727e-06
14.48	1.92639e-06
14.485	2.06007e-06
14.49	2.1546e-06
14.495	2.31273e-06
14.5	2.40306e-06
