0	0
0.005	0
0.01	0
0.015	0
0.02	1.4929e-06
0.025	4.29771e-06
0.03	5.69133e-06
0.035	5.69432e-06
0.04	5.54624e-06
0.045	5.37242e-06
0.05	5.2074e-06
0.055	5.05687e-06
0.06	4.91992e-06
0.065	4.79436e-06
0.07	4.67811e-06
0.075	4.5697e-06
0.08	4.46803e-06
0.085	4.37236e-06
0.09	4.2822e-06
0.095	4.19722e-06
0.1	4.11721e-06
0.105	4.04194e-06
0.11	3.97119e-06
0.115	3.90475e-06
0.12	3.84235e-06
0.125	3.7837e-06
0.13	3.72866e-06
0.135	3.6769e-06
0.14	3.62833e-06
0.145	3.58266e-06
0.15	3.53969e-06
0.155	3.49919e-06
0.16	3.46124e-06
0.165	3.42485e-06
0.17	3.39096e-06
0.175	3.3584e-06
0.18	3.32735e-06
0.185	3.29753e-06
0.19	3.2687e-06
0.195	3.24061e-06
0.2	3.21306e-06
0.205	3.18573e-06
0.21	3.15842e-06
0.215	3.13093e-06
0.22	3.10304e-06
0.225	3.07461e-06
0.23	3.04558e-06
0.235	3.0159e-06
0.24	2.98571e-06
0.245	2.95511e-06
0.25	2.92441e-06
0.255	2.89382e-06
0.26	2.86384e-06
0.265	2.83479e-06
0.27	2.80711e-06
0.275	2.78115e-06
0.28	2.75731e-06
0.285	2.73596e-06
0.29	2.71728e-06
0.295	2.70153e-06
0.3	2.68866e-06
0.305	2.67899e-06
0.31	2.67236e-06
0.315	2.66882e-06
0.32	2.66832e-06
0.325	2.67088e-06
0.33	2.67643e-06
0.335	2.68483e-06
0.34	2.69606e-06
0.345	2.70984e-06
0.35	2.72585e-06
0.355	2.74345e-06
0.36	2.76184e-06
0.365	2.7799e-06
0.37	2.79656e-06
0.375	2.81071e-06
0.38	2.8212e-06
0.385	2.82703e-06
0.39	2.8278e-06
0.395	2.82353e-06
0.4	2.81511e-06
0.405	2.80341e-06
0.41	2.79074e-06
0.415	2.77887e-06
0.42	2.76907e-06
0.425	2.76339e-06
0.43	2.76261e-06
0.435	2.76745e-06
0.44	2.77715e-06
0.445	2.79144e-06
0.45	2.80893e-06
0.455	2.82871e-06
0.46	2.84886e-06
0.465	2.87167e-06
0.47	2.89627e-06
0.475	2.92321e-06
0.48	2.95184e-06
0.485	2.98557e-06
0.49	3.0228e-06
0.495	3.06258e-06
0.5	3.10305e-06
0.505	3.14164e-06
0.51	3.1742e-06
0.515	3.19948e-06
0.52	3.21689e-06
0.525	3.22283e-06
0.53	3.21711e-06
0.535	3.19948e-06
0.54	3.17222e-06
0.545	3.13643e-06
0.55	3.09861e-06
0.555	3.06356e-06
0.56	3.03244e-06
0.565	3.00703e-06
0.57	2.99043e-06
0.575	2.97989e-06
0.58	2.97643e-06
0.585	2.97864e-06
0.59	2.98247e-06
0.595	2.98857e-06
0.6	2.99895e-06
0.605	3.01143e-06
0.61	3.02436e-06
0.615	3.04025e-06
0.62	3.05891e-06
0.625	3.08275e-06
0.63	3.11172e-06
0.635	3.14768e-06
0.64	3.18798e-06
0.645	3.23031e-06
0.65	3.2689e-06
0.655	3.30486e-06
0.66	3.33147e-06
0.665	3.3496e-06
0.67	3.35658e-06
0.675	3.35199e-06
0.68	3.33701e-06
0.685	3.31072e-06
0.69	3.27649e-06
0.695	3.23756e-06
0.7	3.19606e-06
0.705	3.15151e-06
0.71	3.11413e-06
0.715	3.08409e-06
0.72	3.06166e-06
0.725	3.04763e-06
0.73	3.04167e-06
0.735	3.04115e-06
0.74	3.0419e-06
0.745	3.04742e-06
0.75	3.0555e-06
0.755	3.06346e-06
0.76	3.07427e-06
0.765	3.08864e-06
0.77	3.1062e-06
0.775	3.12862e-06
0.78	3.1594e-06
0.785	3.19529e-06
0.79	3.23379e-06
0.795	3.27661e-06
0.8	3.32052e-06
0.805	3.35603e-06
0.81	3.38579e-06
0.815	3.40436e-06
0.82	3.41319e-06
0.825	3.41022e-06
0.83	3.39889e-06
0.835	3.37631e-06
0.84	3.34546e-06
0.845	3.30802e-06
0.85	3.27048e-06
0.855	3.2346e-06
0.86	3.19058e-06
0.865	3.15992e-06
0.87	3.13557e-06
0.875	3.11981e-06
0.88	3.11055e-06
0.885	3.10661e-06
0.89	3.10158e-06
0.895	3.10064e-06
0.9	3.09904e-06
0.905	3.10007e-06
0.91	3.10362e-06
0.915	3.10974e-06
0.92	3.11961e-06
0.925	3.13529e-06
0.93	3.15862e-06
0.935	3.19164e-06
0.94	3.22985e-06
0.945	3.27323e-06
0.95	3.31295e-06
0.955	3.3533e-06
0.96	3.38444e-06
0.965	3.40223e-06
0.97	3.41392e-06
0.975	3.41057e-06
0.98	3.39679e-06
0.985	3.37857e-06
0.99	3.35598e-06
0.995	3.33086e-06
1	3.30979e-06
1.005	3.29865e-06
1.01	3.29187e-06
1.015	3.29995e-06
1.02	3.32295e-06
1.025	3.3593e-06
1.03	3.40604e-06
1.035	3.45718e-06
1.04	3.50546e-06
1.045	3.54265e-06
1.05	3.56418e-06
1.055	3.57157e-06
1.06	3.56231e-06
1.065	3.538e-06
1.07	3.50339e-06
1.075	3.46319e-06
1.08	3.43098e-06
1.085	3.40838e-06
1.09	3.39946e-06
1.095	3.40162e-06
1.1	3.4145e-06
1.105	3.42675e-06
1.11	3.4393e-06
1.115	3.44628e-06
1.12	3.45374e-06
1.125	3.44912e-06
1.13	3.44264e-06
1.135	3.42694e-06
1.14	3.40294e-06
1.145	3.36578e-06
1.15	3.31966e-06
1.155	3.26609e-06
1.16	3.19969e-06
1.165	3.1322e-06
1.17	3.06023e-06
1.175	3.00091e-06
1.18	2.95897e-06
1.185	2.93853e-06
1.19	2.9411e-06
1.195	2.96127e-06
1.2	2.99999e-06
1.205	3.04895e-06
1.21	3.10995e-06
1.215	3.17545e-06
1.22	3.24449e-06
1.225	3.31545e-06
1.23	3.39388e-06
1.235	3.47724e-06
1.24	3.56205e-06
1.245	3.64651e-06
1.25	3.72843e-06
1.255	3.797e-06
1.26	3.85309e-06
1.265	3.88747e-06
1.27	3.90329e-06
1.275	3.9008e-06
1.28	3.88323e-06
1.285	3.84991e-06
1.29	3.80029e-06
1.295	3.73564e-06
1.3	3.66114e-06
1.305	3.58428e-06
1.31	3.50776e-06
1.315	3.44124e-06
1.32	3.39127e-06
1.325	3.37101e-06
1.33	3.37698e-06
1.335	3.40514e-06
1.34	3.44929e-06
1.345	3.50007e-06
1.35	3.55631e-06
1.355	3.61339e-06
1.36	3.67471e-06
1.365	3.73301e-06
1.37	3.79162e-06
1.375	3.8492e-06
1.38	3.90375e-06
1.385	3.96049e-06
1.39	4.01472e-06
1.395	4.06413e-06
1.4	4.10474e-06
1.405	4.13138e-06
1.41	4.14473e-06
1.415	4.13604e-06
1.42	4.11282e-06
1.425	4.07505e-06
1.43	4.02822e-06
1.435	3.97015e-06
1.44	3.90177e-06
1.445	3.82438e-06
1.45	3.74056e-06
1.455	3.659e-06
1.46	3.58188e-06
1.465	3.51862e-06
1.47	3.47299e-06
1.475	3.45602e-06
1.48	3.46279e-06
1.485	3.48939e-06
1.49	3.52978e-06
1.495	3.57532e-06
1.5	3.6264e-06
1.505	3.67721e-06
1.51	3.73059e-06
1.515	3.78196e-06
1.52	3.83372e-06
1.525	3.8837e-06
1.53	3.93158e-06
1.535	3.98078e-06
1.54	4.0284e-06
1.545	4.07294e-06
1.55	4.10912e-06
1.555	4.13641e-06
1.56	4.14655e-06
1.565	4.13876e-06
1.57	4.11928e-06
1.575	4.07932e-06
1.58	4.03451e-06
1.585	3.97826e-06
1.59	3.91175e-06
1.595	3.8366e-06
1.6	3.75374e-06
1.605	3.67241e-06
1.61	3.60012e-06
1.615	3.53217e-06
1.62	3.48633e-06
1.625	3.46699e-06
1.63	3.47163e-06
1.635	3.497e-06
1.64	3.5357e-06
1.645	3.58367e-06
1.65	3.63162e-06
1.655	3.6822e-06
1.66	3.734e-06
1.665	3.78556e-06
1.67	3.83652e-06
1.675	3.88629e-06
1.68	3.93433e-06
1.685	3.98109e-06
1.69	4.02804e-06
1.695	4.07171e-06
1.7	4.10728e-06
1.705	4.13581e-06
1.71	4.148e-06
1.715	4.14624e-06
1.72	4.12728e-06
1.725	4.09364e-06
1.73	4.04742e-06
1.735	3.99424e-06
1.74	3.92936e-06
1.745	3.8572e-06
1.75	3.77594e-06
1.755	3.69334e-06
1.76	3.61824e-06
1.765	3.54953e-06
1.77	3.50344e-06
1.775	3.47555e-06
1.78	3.47528e-06
1.785	3.49727e-06
1.79	3.53309e-06
1.795	3.57996e-06
1.8	3.62703e-06
1.805	3.68024e-06
1.81	3.72928e-06
1.815	3.78249e-06
1.82	3.83357e-06
1.825	3.88303e-06
1.83	3.93028e-06
1.835	3.97625e-06
1.84	4.02329e-06
1.845	4.06598e-06
1.85	4.10339e-06
1.855	4.13351e-06
1.86	4.14881e-06
1.865	4.15148e-06
1.87	4.13417e-06
1.875	4.10401e-06
1.88	4.06142e-06
1.885	4.00953e-06
1.89	3.94774e-06
1.895	3.87781e-06
1.9	3.79768e-06
1.905	3.71511e-06
1.91	3.63709e-06
1.915	3.56765e-06
1.92	3.51481e-06
1.925	3.48217e-06
1.93	3.47645e-06
1.935	3.49445e-06
1.94	3.5266e-06
1.945	3.57226e-06
1.95	3.61947e-06
1.955	3.67133e-06
1.96	3.72104e-06
1.965	3.7739e-06
1.97	3.82494e-06
1.975	3.87444e-06
1.98	3.92421e-06
1.985	3.96808e-06
1.99	4.01472e-06
1.995	4.05787e-06
2	4.09798e-06
2.005	4.12909e-06
2.01	4.14731e-06
2.015	4.15384e-06
2.02	4.1401e-06
2.025	4.11267e-06
2.03	4.07244e-06
2.035	4.02425e-06
2.04	3.96512e-06
2.045	3.89633e-06
2.05	3.81887e-06
2.055	3.73598e-06
2.06	3.65667e-06
2.065	3.58451e-06
2.07	3.52615e-06
2.075	3.48767e-06
2.08	3.47645e-06
2.085	3.48812e-06
2.09	3.51758e-06
2.095	3.55974e-06
2.1	3.60622e-06
2.105	3.65743e-06
2.11	3.70829e-06
2.115	3.76076e-06
2.12	3.8113e-06
2.125	3.86201e-06
2.13	3.91068e-06
2.135	3.95614e-06
2.14	4.00312e-06
2.145	4.04773e-06
2.15	4.09008e-06
2.155	4.12269e-06
2.16	4.14717e-06
2.165	4.15512e-06
2.17	4.14865e-06
2.175	4.12558e-06
2.18	4.0843e-06
2.185	4.03903e-06
2.19	3.98346e-06
2.195	3.91631e-06
2.2	3.84103e-06
2.205	3.75986e-06
2.21	3.67781e-06
2.215	3.60632e-06
2.22	3.53995e-06
2.225	3.49585e-06
2.23	3.47823e-06
2.235	3.48408e-06
2.24	3.51004e-06
2.245	3.54919e-06
2.25	3.59732e-06
2.255	3.64522e-06
2.26	3.6959e-06
2.265	3.74724e-06
2.27	3.79867e-06
2.275	3.84944e-06
2.28	3.89859e-06
2.285	3.94607e-06
2.29	3.99172e-06
2.295	4.03743e-06
2.3	4.07999e-06
2.305	4.11455e-06
2.31	4.14231e-06
2.315	4.15359e-06
2.32	4.15176e-06
2.325	4.1321e-06
2.33	4.0983e-06
2.335	4.05215e-06
2.34	3.99885e-06
2.345	3.93434e-06
2.35	3.86222e-06
2.355	3.78116e-06
2.36	3.69872e-06
2.365	3.62339e-06
2.37	3.55451e-06
2.375	3.5084e-06
2.38	3.48e-06
2.385	3.47932e-06
2.39	3.50089e-06
2.395	3.53635e-06
2.4	3.58299e-06
2.405	3.63012e-06
2.41	3.68309e-06
2.415	3.73238e-06
2.42	3.78542e-06
2.425	3.83628e-06
2.43	3.88557e-06
2.435	3.93258e-06
2.44	3.97838e-06
2.445	4.02502e-06
2.45	4.06732e-06
2.455	4.10538e-06
2.46	4.13507e-06
2.465	4.15058e-06
2.47	4.15371e-06
2.475	4.13666e-06
2.48	4.10687e-06
2.485	4.06456e-06
2.49	4.01303e-06
2.495	3.95162e-06
2.5	3.88195e-06
2.505	3.80211e-06
2.51	3.71972e-06
2.515	3.64119e-06
2.52	3.57128e-06
2.525	3.51761e-06
2.53	3.48393e-06
2.535	3.47732e-06
2.54	3.49424e-06
2.545	3.52619e-06
2.55	3.57099e-06
2.555	3.61816e-06
2.56	3.67002e-06
2.565	3.71969e-06
2.57	3.77351e-06
2.575	3.82364e-06
2.58	3.87331e-06
2.585	3.92255e-06
2.59	3.96659e-06
2.595	4.01354e-06
2.6	4.0568e-06
2.605	4.09765e-06
2.61	4.1295e-06
2.615	4.14744e-06
2.62	4.15482e-06
2.625	4.14156e-06
2.63	4.11467e-06
2.635	4.07493e-06
2.64	4.02735e-06
2.645	3.96884e-06
2.65	3.90034e-06
2.655	3.82329e-06
2.66	3.74038e-06
2.665	3.66076e-06
2.67	3.58922e-06
2.675	3.52864e-06
2.68	3.48929e-06
2.685	3.47659e-06
2.69	3.48726e-06
2.695	3.51604e-06
2.7	3.5578e-06
2.705	3.60369e-06
2.71	3.65511e-06
2.715	3.70595e-06
2.72	3.75847e-06
2.725	3.80897e-06
2.73	3.85965e-06
2.735	3.90828e-06
2.74	3.95464e-06
2.745	4.00092e-06
2.75	4.04578e-06
2.755	4.08829e-06
2.76	4.12116e-06
2.765	4.14628e-06
2.77	4.15488e-06
2.775	4.14907e-06
2.78	4.1266e-06
2.785	4.08601e-06
2.79	4.04126e-06
2.795	3.9862e-06
2.8	3.91945e-06
2.805	3.84459e-06
2.81	3.76367e-06
2.815	3.6813e-06
2.82	3.60907e-06
2.825	3.54214e-06
2.83	3.4963e-06
2.835	3.47746e-06
2.84	3.48221e-06
2.845	3.50757e-06
2.85	3.54602e-06
2.855	3.59382e-06
2.86	3.64134e-06
2.865	3.69223e-06
2.87	3.74342e-06
2.875	3.7954e-06
2.88	3.84615e-06
2.885	3.89511e-06
2.89	3.94335e-06
2.895	3.98864e-06
2.9	4.03431e-06
2.905	4.07725e-06
2.91	4.11227e-06
2.915	4.14063e-06
2.92	4.15254e-06
2.925	4.15188e-06
2.93	4.13296e-06
2.935	4.09979e-06
2.94	4.05531e-06
2.945	4.00142e-06
2.95	3.93739e-06
2.955	3.86598e-06
2.96	3.78501e-06
2.965	3.70261e-06
2.97	3.62655e-06
2.975	3.55698e-06
2.98	3.50955e-06
2.985	3.48022e-06
2.99	3.47818e-06
2.995	3.49919e-06
3	3.53378e-06
3.005	3.58028e-06
3.01	3.62733e-06
3.015	3.68019e-06
3.02	3.72963e-06
3.025	3.78266e-06
3.03	3.83355e-06
3.035	3.88297e-06
3.04	3.92987e-06
3.045	3.97588e-06
3.05	4.02249e-06
3.055	4.06484e-06
3.06	4.1038e-06
3.065	4.13363e-06
3.07	4.14975e-06
3.075	4.15382e-06
3.08	4.13751e-06
3.085	4.10829e-06
3.09	4.06671e-06
3.095	4.0156e-06
3.1	3.95479e-06
3.105	3.88539e-06
3.11	3.806e-06
3.115	3.72355e-06
3.12	3.64481e-06
3.125	3.57414e-06
3.13	3.51964e-06
3.135	3.48473e-06
3.14	3.47735e-06
3.145	3.49312e-06
3.15	3.52464e-06
3.155	3.56879e-06
3.16	3.6158e-06
3.165	3.66747e-06
3.17	3.7173e-06
3.175	3.77107e-06
3.18	3.82113e-06
3.185	3.87126e-06
3.19	3.92013e-06
3.195	3.96424e-06
3.2	4.01145e-06
3.205	4.05489e-06
3.21	4.09598e-06
3.215	4.12814e-06
3.22	4.14733e-06
3.225	4.15493e-06
3.23	4.14231e-06
3.235	4.11606e-06
3.24	4.07669e-06
3.245	4.02972e-06
3.25	3.97189e-06
3.255	3.90387e-06
3.26	3.82731e-06
3.265	3.7443e-06
3.27	3.66441e-06
3.275	3.59546e-06
3.28	3.53159e-06
3.285	3.49058e-06
3.29	3.47691e-06
3.295	3.48626e-06
3.3	3.5143e-06
3.305	3.55547e-06
3.31	3.60158e-06
3.315	3.65245e-06
3.32	3.7034e-06
3.325	3.75569e-06
3.33	3.80634e-06
3.335	3.85702e-06
3.34	3.90576e-06
3.345	3.9525e-06
3.35	3.99853e-06
3.355	4.04364e-06
3.36	4.08629e-06
3.365	4.11953e-06
3.37	4.14517e-06
3.375	4.15447e-06
3.38	4.14965e-06
3.385	4.12804e-06
3.39	4.08788e-06
3.395	4.04356e-06
3.4	3.98904e-06
3.405	3.92296e-06
3.41	3.84963e-06
3.415	3.76757e-06
3.42	3.6852e-06
3.425	3.61214e-06
3.43	3.54462e-06
3.435	3.49772e-06
3.44	3.4777e-06
3.445	3.48128e-06
3.45	3.50623e-06
3.455	3.54375e-06
3.46	3.59152e-06
3.465	3.63886e-06
3.47	3.69206e-06
3.475	3.74129e-06
3.48	3.79418e-06
3.485	3.84434e-06
3.49	3.89336e-06
3.495	3.94123e-06
3.5	3.98639e-06
3.505	4.03201e-06
3.51	4.07522e-06
3.515	4.11063e-06
3.52	4.13936e-06
3.525	4.1522e-06
3.53	4.15233e-06
3.535	4.13379e-06
3.54	4.10161e-06
3.545	4.05755e-06
3.55	4.00412e-06
3.555	3.94037e-06
3.56	3.86949e-06
3.565	3.7889e-06
3.57	3.70642e-06
3.575	3.62967e-06
3.58	3.55972e-06
3.585	3.51091e-06
3.59	3.48091e-06
3.595	3.47773e-06
3.6	3.49806e-06
3.605	3.53175e-06
3.61	3.57807e-06
3.615	3.62553e-06
3.62	3.67776e-06
3.625	3.72731e-06
3.63	3.7803e-06
3.635	3.83136e-06
3.64	3.88052e-06
3.645	3.9305e-06
3.65	3.974e-06
3.655	4.02039e-06
3.66	4.06307e-06
3.665	4.10234e-06
3.67	4.13256e-06
3.675	4.14929e-06
3.68	4.15413e-06
3.685	4.13845e-06
3.69	4.10971e-06
3.695	4.06854e-06
3.7	4.01815e-06
3.705	3.95808e-06
3.71	3.88873e-06
3.715	3.80986e-06
3.72	3.72729e-06
3.725	3.64835e-06
3.73	3.57681e-06
3.735	3.52146e-06
3.74	3.48523e-06
3.745	3.47685e-06
3.75	3.49172e-06
3.755	3.5226e-06
3.76	3.56612e-06
3.765	3.61304e-06
3.77	3.66453e-06
3.775	3.7145e-06
3.78	3.76824e-06
3.785	3.81828e-06
3.79	3.86875e-06
3.795	3.91744e-06
3.8	3.96193e-06
3.805	4.0091e-06
3.81	4.05285e-06
3.815	4.09398e-06
3.82	4.12649e-06
3.825	4.14642e-06
3.83	4.15485e-06
3.835	4.14297e-06
3.84	4.12174e-06
3.845	4.07905e-06
3.85	4.03275e-06
3.855	3.97497e-06
3.86	3.90741e-06
3.865	3.83111e-06
3.87	3.74833e-06
3.875	3.66813e-06
3.88	3.59849e-06
3.885	3.53397e-06
3.89	3.49186e-06
3.895	3.47722e-06
3.9	3.48556e-06
3.905	3.51285e-06
3.91	3.55371e-06
3.915	3.60208e-06
3.92	3.6507e-06
3.925	3.70135e-06
3.93	3.75318e-06
3.935	3.80432e-06
3.94	3.85476e-06
3.945	3.90374e-06
3.95	3.9507e-06
3.955	3.9966e-06
3.96	4.04242e-06
3.965	4.08452e-06
3.97	4.1182e-06
3.975	4.14452e-06
3.98	4.15437e-06
3.985	4.15027e-06
3.99	4.12935e-06
3.995	4.09168e-06
4	4.04632e-06
4.005	3.99187e-06
4.01	3.92638e-06
4.015	3.8534e-06
4.02	3.77158e-06
4.025	3.68908e-06
4.03	3.61529e-06
4.035	3.54718e-06
4.04	3.49904e-06
4.045	3.47765e-06
4.05	3.47991e-06
4.055	3.5041e-06
4.06	3.54089e-06
4.065	3.58841e-06
4.07	3.63571e-06
4.075	3.68882e-06
4.08	3.73803e-06
4.085	3.79111e-06
4.09	3.84146e-06
4.095	3.89106e-06
4.1	3.93824e-06
4.105	3.98364e-06
4.11	4.03012e-06
4.115	4.07271e-06
4.12	4.10867e-06
4.125	4.13792e-06
4.13	4.15156e-06
4.135	4.15263e-06
4.14	4.13438e-06
4.145	4.103e-06
4.15	4.05954e-06
4.155	4.00665e-06
4.16	3.94391e-06
4.165	3.87328e-06
4.17	3.79281e-06
4.175	3.71015e-06
4.18	3.63287e-06
4.185	3.56442e-06
4.19	3.51307e-06
4.195	3.48162e-06
4.2	3.47732e-06
4.205	3.4967e-06
4.21	3.52958e-06
4.215	3.57588e-06
4.22	3.6231e-06
4.225	3.67529e-06
4.23	3.72462e-06
4.235	3.77778e-06
4.24	3.82891e-06
4.245	3.87802e-06
4.25	3.92809e-06
4.255	3.97172e-06
4.26	4.01808e-06
4.265	4.06102e-06
4.27	4.10066e-06
4.275	4.13129e-06
4.28	4.14859e-06
4.285	4.15411e-06
4.29	4.13932e-06
4.295	4.11125e-06
4.3	4.07035e-06
4.305	4.02061e-06
4.31	3.96122e-06
4.315	3.89202e-06
4.32	3.81387e-06
4.325	3.73109e-06
4.33	3.65209e-06
4.335	3.5801e-06
4.34	3.52391e-06
4.345	3.48677e-06
4.35	3.47768e-06
4.355	3.49077e-06
4.36	3.52125e-06
4.365	3.5641e-06
4.37	3.61077e-06
4.375	3.6623e-06
4.38	3.71234e-06
4.385	3.76583e-06
4.39	3.81615e-06
4.395	3.86677e-06
4.4	3.91535e-06
4.405	3.96011e-06
4.41	4.00721e-06
4.415	4.05141e-06
4.42	4.09267e-06
4.425	4.12537e-06
4.43	4.14597e-06
4.435	4.15509e-06
4.44	4.14377e-06
4.445	4.12316e-06
4.45	4.08104e-06
4.455	4.03528e-06
4.46	3.97807e-06
4.465	3.9109e-06
4.47	3.83519e-06
4.475	3.75232e-06
4.48	3.67183e-06
4.485	3.60138e-06
4.49	3.53603e-06
4.495	3.49337e-06
4.5	3.47693e-06
4.505	3.4842e-06
4.51	3.51084e-06
4.515	3.55109e-06
4.52	3.59914e-06
4.525	3.6477e-06
4.53	3.69827e-06
4.535	3.74971e-06
4.54	3.80111e-06
4.545	3.85158e-06
4.55	3.90086e-06
4.555	3.94797e-06
4.56	3.99384e-06
4.565	4.03981e-06
4.57	4.08205e-06
4.575	4.1161e-06
4.58	4.14322e-06
4.585	4.15377e-06
4.59	4.1505e-06
4.595	4.13035e-06
4.6	4.09573e-06
4.605	4.04871e-06
4.61	3.995e-06
4.615	3.92962e-06
4.62	3.85709e-06
4.625	3.77555e-06
4.63	3.69309e-06
4.635	3.61854e-06
4.64	3.54967e-06
4.645	3.50561e-06
4.65	3.47891e-06
4.655	3.47976e-06
4.66	3.50258e-06
4.665	3.53875e-06
4.67	3.58584e-06
4.675	3.63304e-06
4.68	3.6863e-06
4.685	3.73526e-06
4.69	3.78842e-06
4.695	3.83927e-06
4.7	3.88861e-06
4.705	3.93563e-06
4.71	3.98127e-06
4.715	4.02798e-06
4.72	4.07031e-06
4.725	4.10709e-06
4.73	4.13656e-06
4.735	4.15115e-06
4.74	4.15308e-06
4.745	4.13527e-06
4.75	4.10453e-06
4.755	4.06161e-06
4.76	4.00929e-06
4.765	3.94714e-06
4.77	3.87695e-06
4.775	3.79662e-06
4.78	3.71403e-06
4.785	3.63623e-06
4.79	3.56706e-06
4.795	3.51474e-06
4.8	3.48247e-06
4.805	3.47721e-06
4.81	3.49564e-06
4.815	3.52797e-06
4.82	3.57386e-06
4.825	3.62106e-06
4.83	3.67296e-06
4.835	3.72266e-06
4.84	3.77545e-06
4.845	3.82651e-06
4.85	3.87592e-06
4.855	3.92579e-06
4.86	3.96958e-06
4.865	4.01606e-06
4.87	4.05913e-06
4.875	4.09908e-06
4.88	4.12996e-06
4.885	4.14797e-06
4.89	4.15421e-06
4.895	4.1402e-06
4.9	4.11256e-06
4.905	4.07211e-06
4.91	4.02374e-06
4.915	3.96425e-06
4.92	3.8954e-06
4.925	3.81777e-06
4.93	3.73483e-06
4.935	3.65575e-06
4.94	3.58371e-06
4.945	3.52597e-06
4.95	3.48814e-06
4.955	3.47748e-06
4.96	3.4896e-06
4.965	3.51942e-06
4.97	3.56186e-06
4.975	3.60836e-06
4.98	3.65971e-06
4.985	3.71061e-06
4.99	3.76316e-06
4.995	3.81359e-06
5	3.8643e-06
5.005	3.91285e-06
5.01	3.95816e-06
5.015	4.00499e-06
5.02	4.04952e-06
5.025	4.09082e-06
5.03	4.12386e-06
5.035	4.14802e-06
5.04	4.15553e-06
5.045	4.14857e-06
5.05	4.12507e-06
5.055	4.08339e-06
5.06	4.03781e-06
5.065	3.98099e-06
5.07	3.91446e-06
5.075	3.83898e-06
5.08	3.75779e-06
5.085	3.67585e-06
5.09	3.60454e-06
5.095	3.53836e-06
5.1	3.4946e-06
5.105	3.47726e-06
5.11	3.48339e-06
5.115	3.50962e-06
5.12	3.54893e-06
5.125	3.59713e-06
5.13	3.64514e-06
5.135	3.6958e-06
5.14	3.7473e-06
5.145	3.79864e-06
5.15	3.8493e-06
5.155	3.89854e-06
5.16	3.94593e-06
5.165	3.9917e-06
5.17	4.03747e-06
5.175	4.08002e-06
5.18	4.11452e-06
5.185	4.14222e-06
5.19	4.15331e-06
5.195	4.15101e-06
5.2	4.13131e-06
5.205	4.09733e-06
5.21	4.05095e-06
5.215	3.99755e-06
5.22	3.93271e-06
5.225	3.86054e-06
5.23	3.77938e-06
5.235	3.69692e-06
5.24	3.6218e-06
5.245	3.55318e-06
5.25	3.50743e-06
5.255	3.47949e-06
5.26	3.47928e-06
5.265	3.50106e-06
5.27	3.53685e-06
5.275	3.5836e-06
5.28	3.63074e-06
5.285	3.68377e-06
5.29	3.73306e-06
5.295	3.78607e-06
5.3	3.83697e-06
5.305	3.88622e-06
5.31	3.93333e-06
5.315	3.97909e-06
5.32	4.02576e-06
5.325	4.06807e-06
5.33	4.10596e-06
5.335	4.13545e-06
5.34	4.15067e-06
5.345	4.15347e-06
5.35	4.13624e-06
5.355	4.10607e-06
5.36	4.06357e-06
5.365	4.01185e-06
5.37	3.95026e-06
5.375	3.88046e-06
5.38	3.80048e-06
5.385	3.71802e-06
5.39	3.63964e-06
5.395	3.56984e-06
5.4	3.51667e-06
5.405	3.48342e-06
5.41	3.47718e-06
5.415	3.49458e-06
5.42	3.52671e-06
5.425	3.57176e-06
5.43	3.61897e-06
5.435	3.67069e-06
5.44	3.7205e-06
5.445	3.77336e-06
5.45	3.82459e-06
5.455	3.87392e-06
5.46	3.92347e-06
5.465	3.96744e-06
5.47	4.01423e-06
5.475	4.05744e-06
5.48	4.09819e-06
5.485	4.12883e-06
5.49	4.14763e-06
5.495	4.15446e-06
5.5	4.14114e-06
5.505	4.11402e-06
5.51	4.07411e-06
5.515	4.02622e-06
5.52	3.96746e-06
5.525	3.89882e-06
5.53	3.82159e-06
5.535	3.73869e-06
5.54	3.65922e-06
5.545	3.58799e-06
5.55	3.52777e-06
5.555	3.48891e-06
5.56	3.47674e-06
5.565	3.48786e-06
5.57	3.51695e-06
5.575	3.55879e-06
5.58	3.60516e-06
5.585	3.65636e-06
5.59	3.70723e-06
5.595	3.75981e-06
5.6	3.81027e-06
5.605	3.8609e-06
5.61	3.90954e-06
5.615	3.95534e-06
5.62	4.00205e-06
5.625	4.04677e-06
5.63	4.08922e-06
5.635	4.12194e-06
5.64	4.14676e-06
5.645	4.155e-06
5.65	4.14884e-06
5.655	4.12613e-06
5.66	4.08514e-06
5.665	4.04018e-06
5.67	3.98495e-06
5.675	3.91801e-06
5.68	3.84295e-06
5.685	3.76188e-06
5.69	3.67964e-06
5.695	3.60768e-06
5.7	3.54103e-06
5.705	3.49577e-06
5.71	3.47738e-06
5.715	3.48255e-06
5.72	3.50805e-06
5.725	3.54684e-06
5.73	3.59478e-06
5.735	3.64245e-06
5.74	3.69328e-06
5.745	3.74454e-06
5.75	3.79603e-06
5.755	3.84704e-06
5.76	3.89607e-06
5.765	3.94427e-06
5.77	3.98952e-06
5.775	4.03526e-06
5.78	4.07808e-06
5.785	4.11293e-06
5.79	4.14096e-06
5.795	4.15275e-06
5.8	4.15165e-06
5.805	4.13236e-06
5.81	4.09903e-06
5.815	4.05329e-06
5.82	4.00025e-06
5.825	3.93595e-06
5.83	3.86448e-06
5.835	3.78333e-06
5.84	3.70093e-06
5.845	3.62516e-06
5.85	3.55583e-06
5.855	3.50896e-06
5.86	3.47998e-06
5.865	3.4785e-06
5.87	3.49971e-06
5.875	3.53467e-06
5.88	3.58123e-06
5.885	3.62834e-06
5.89	3.68125e-06
5.895	3.73064e-06
5.9	3.78368e-06
5.905	3.83457e-06
5.91	3.8839e-06
5.915	3.93094e-06
5.92	3.97684e-06
5.925	4.02349e-06
5.93	4.06583e-06
5.935	4.10455e-06
5.94	4.13419e-06
5.945	4.14992e-06
5.95	4.15376e-06
5.955	4.13715e-06
5.96	4.10769e-06
5.965	4.06566e-06
5.97	4.01449e-06
5.975	3.95343e-06
5.98	3.88394e-06
5.985	3.80433e-06
5.99	3.72191e-06
5.995	3.64325e-06
6	3.57293e-06
6.005	3.51877e-06
6.01	3.48438e-06
6.015	3.47726e-06
6.02	3.49361e-06
6.025	3.5253e-06
6.03	3.56974e-06
6.035	3.61679e-06
6.04	3.66859e-06
6.045	3.71831e-06
6.05	3.77213e-06
6.055	3.82219e-06
6.06	3.87217e-06
6.065	3.92116e-06
6.07	3.9652e-06
6.075	4.01234e-06
6.08	4.05569e-06
6.085	4.09671e-06
6.09	4.1287e-06
6.095	4.14761e-06
6.1	4.15492e-06
6.105	4.14196e-06
6.11	4.11544e-06
6.115	4.0759e-06
6.12	4.02865e-06
6.125	3.97053e-06
6.13	3.90228e-06
6.135	3.82556e-06
6.14	3.7426e-06
6.145	3.66283e-06
6.15	3.59418e-06
6.155	3.53067e-06
6.16	3.49015e-06
6.165	3.47676e-06
6.17	3.48674e-06
6.175	3.51511e-06
6.18	3.55653e-06
6.185	3.60234e-06
6.19	3.65366e-06
6.195	3.7045e-06
6.2	3.75699e-06
6.205	3.80751e-06
6.21	3.85817e-06
6.215	3.90688e-06
6.22	3.95346e-06
6.225	3.99956e-06
6.23	4.04462e-06
6.235	4.08718e-06
6.24	4.12027e-06
6.245	4.14563e-06
6.25	4.15466e-06
6.255	4.14941e-06
6.26	4.12715e-06
6.265	4.08701e-06
6.27	4.04254e-06
6.275	3.98781e-06
6.28	3.9214e-06
6.285	3.84804e-06
6.29	3.76587e-06
6.295	3.68355e-06
6.3	3.61078e-06
6.305	3.54356e-06
6.31	3.49713e-06
6.315	3.47755e-06
6.32	3.48166e-06
6.325	3.50673e-06
6.33	3.54475e-06
6.335	3.59247e-06
6.34	3.63988e-06
6.345	3.69077e-06
6.35	3.74187e-06
6.355	3.79497e-06
6.36	3.8452e-06
6.365	3.89432e-06
6.37	3.94208e-06
6.375	3.98733e-06
6.38	4.03296e-06
6.385	4.07606e-06
6.39	4.11127e-06
6.395	4.13986e-06
6.4	4.15233e-06
6.405	4.15212e-06
6.41	4.13345e-06
6.415	4.1008e-06
6.42	4.0566e-06
6.425	4.00296e-06
6.43	3.93908e-06
6.435	3.86799e-06
6.44	3.7872e-06
6.445	3.70481e-06
6.45	3.62827e-06
6.455	3.55846e-06
6.46	3.51026e-06
6.465	3.48062e-06
6.47	3.47779e-06
6.475	3.49854e-06
6.48	3.53261e-06
6.485	3.57904e-06
6.49	3.62654e-06
6.495	3.67878e-06
6.5	3.72835e-06
6.505	3.78134e-06
6.51	3.83229e-06
6.515	3.88159e-06
6.52	3.93152e-06
6.525	3.97499e-06
6.53	4.02142e-06
6.535	4.06385e-06
6.54	4.10303e-06
6.545	4.13309e-06
6.55	4.14959e-06
6.555	4.15412e-06
6.56	4.13812e-06
6.565	4.10914e-06
6.57	4.06777e-06
6.575	4.01711e-06
6.58	3.95673e-06
6.585	3.8873e-06
6.59	3.80822e-06
6.595	3.7257e-06
6.6	3.6468e-06
6.605	3.57557e-06
6.61	3.52054e-06
6.615	3.48482e-06
6.62	3.47683e-06
6.625	3.49211e-06
6.63	3.52324e-06
6.635	3.56701e-06
6.64	3.61396e-06
6.645	3.66554e-06
6.65	3.71547e-06
6.655	3.76918e-06
6.66	3.81924e-06
6.665	3.86965e-06
6.67	3.91839e-06
6.675	3.96267e-06
6.68	4.00996e-06
6.685	4.05359e-06
6.69	4.09472e-06
6.695	4.12709e-06
6.7	4.14676e-06
6.705	4.15478e-06
6.71	4.14266e-06
6.715	4.11674e-06
6.72	4.07766e-06
6.725	4.03139e-06
6.73	3.97364e-06
6.735	3.90592e-06
6.74	3.82951e-06
6.745	3.74663e-06
6.75	3.66654e-06
6.755	3.59718e-06
6.76	3.53294e-06
6.765	3.49133e-06
6.77	3.4771e-06
6.775	3.48591e-06
6.78	3.5135e-06
6.785	3.55448e-06
6.79	3.60093e-06
6.795	3.65129e-06
6.8	3.70221e-06
6.805	3.75425e-06
6.81	3.80527e-06
6.815	3.85578e-06
6.82	3.90458e-06
6.825	3.95152e-06
6.83	3.99748e-06
6.835	4.04263e-06
6.84	4.08536e-06
6.845	4.1188e-06
6.85	4.14487e-06
6.855	4.15442e-06
6.86	4.15005e-06
6.865	4.12883e-06
6.87	4.09084e-06
6.875	4.0453e-06
6.88	3.99075e-06
6.885	3.92496e-06
6.89	3.85176e-06
6.895	3.76986e-06
6.9	3.68742e-06
6.905	3.61392e-06
6.91	3.54592e-06
6.915	3.49831e-06
6.92	3.47768e-06
6.925	3.48053e-06
6.93	3.50509e-06
6.935	3.5422e-06
6.94	3.5898e-06
6.945	3.63713e-06
6.95	3.69028e-06
6.955	3.73947e-06
6.96	3.79246e-06
6.965	3.8427e-06
6.97	3.89164e-06
6.975	3.93948e-06
6.98	3.9848e-06
6.985	4.03038e-06
6.99	4.07378e-06
6.995	4.10943e-06
7	4.13854e-06
7.005	4.15183e-06
7.01	4.15246e-06
7.015	4.13408e-06
7.02	4.1024e-06
7.025	4.05871e-06
7.03	4.00557e-06
7.035	3.94251e-06
7.04	3.87171e-06
7.045	3.79117e-06
7.05	3.70854e-06
7.055	3.63149e-06
7.06	3.56331e-06
7.065	3.51215e-06
7.07	3.48129e-06
7.075	3.4774e-06
7.08	3.49721e-06
7.085	3.5304e-06
7.09	3.57677e-06
7.095	3.62406e-06
7.1	3.67625e-06
7.105	3.72572e-06
7.11	3.77874e-06
7.115	3.82986e-06
7.12	3.87898e-06
7.125	3.92902e-06
7.13	3.97259e-06
7.135	4.01896e-06
7.14	4.06181e-06
7.145	4.10132e-06
7.15	4.13179e-06
7.155	4.14885e-06
7.16	4.15411e-06
7.165	4.1389e-06
7.17	4.11066e-06
7.175	4.06962e-06
7.18	4.01956e-06
7.185	3.95988e-06
7.19	3.89061e-06
7.195	3.81216e-06
7.2	3.72946e-06
7.205	3.65048e-06
7.21	3.57851e-06
7.215	3.52277e-06
7.22	3.48628e-06
7.225	3.47693e-06
7.23	3.49131e-06
7.235	3.52187e-06
7.24	3.56503e-06
7.245	3.61179e-06
7.25	3.6633e-06
7.255	3.71335e-06
7.26	3.76691e-06
7.265	3.81707e-06
7.27	3.8676e-06
7.275	3.91626e-06
7.28	3.96088e-06
7.285	4.008e-06
7.29	4.05187e-06
7.295	4.09311e-06
7.3	4.12579e-06
7.305	4.14609e-06
7.31	4.15492e-06
7.315	4.14341e-06
7.32	4.1225e-06
7.325	4.0801e-06
7.33	4.03414e-06
7.335	3.97678e-06
7.34	3.90939e-06
7.345	3.83322e-06
7.35	3.75059e-06
7.355	3.67022e-06
7.36	3.60018e-06
7.365	3.53522e-06
7.37	3.49294e-06
7.375	3.47731e-06
7.38	3.48503e-06
7.385	3.51189e-06
7.39	3.55255e-06
7.395	3.60074e-06
7.4	3.64932e-06
7.405	3.69998e-06
7.41	3.75152e-06
7.415	3.80287e-06
7.42	3.85331e-06
7.425	3.90249e-06
7.43	3.94953e-06
7.435	3.99538e-06
7.44	4.0413e-06
7.445	4.08341e-06
7.45	4.11723e-06
7.455	4.144e-06
7.46	4.15421e-06
7.465	4.15052e-06
7.47	4.13e-06
7.475	4.09269e-06
7.48	4.04763e-06
7.485	3.9937e-06
7.49	3.92807e-06
7.495	3.85542e-06
7.5	3.77376e-06
7.505	3.69124e-06
7.51	3.61703e-06
7.515	3.54849e-06
7.52	3.50492e-06
7.525	3.47868e-06
7.53	3.48006e-06
7.535	3.5032e-06
7.54	3.53948e-06
7.545	3.58684e-06
7.55	3.63409e-06
7.555	3.6871e-06
7.56	3.73635e-06
7.565	3.78951e-06
7.57	3.84029e-06
7.575	3.88952e-06
7.58	3.93671e-06
7.585	3.98225e-06
7.59	4.02877e-06
7.595	4.0715e-06
7.6	4.10763e-06
7.605	4.13727e-06
7.61	4.15132e-06
7.615	4.15287e-06
7.62	4.13487e-06
7.625	4.10387e-06
7.63	4.06079e-06
7.635	4.00815e-06
7.64	3.94575e-06
7.645	3.87532e-06
7.65	3.79497e-06
7.655	3.7123e-06
7.66	3.63474e-06
7.665	3.56584e-06
7.67	3.51396e-06
7.675	3.48207e-06
7.68	3.47716e-06
7.685	3.49603e-06
7.69	3.5286e-06
7.695	3.57467e-06
7.7	3.62178e-06
7.705	3.67388e-06
7.71	3.72306e-06
7.715	3.77634e-06
7.72	3.8274e-06
7.725	3.87673e-06
7.73	3.9267e-06
7.735	3.97042e-06
7.74	4.01683e-06
7.745	4.05986e-06
7.75	4.09972e-06
7.755	4.13044e-06
7.76	4.14816e-06
7.765	4.15411e-06
7.77	4.13976e-06
7.775	4.11196e-06
7.78	4.07136e-06
7.785	4.02264e-06
7.79	3.96288e-06
7.795	3.8939e-06
7.8	3.81604e-06
7.805	3.73316e-06
7.81	3.65411e-06
7.815	3.58166e-06
7.82	3.52511e-06
7.825	3.4874e-06
7.83	3.47761e-06
7.835	3.49014e-06
7.84	3.52028e-06
7.845	3.56292e-06
7.85	3.60947e-06
7.855	3.66091e-06
7.86	3.71173e-06
7.865	3.76442e-06
7.87	3.81473e-06
7.875	3.86544e-06
7.88	3.91395e-06
7.885	3.9589e-06
7.89	4.00603e-06
7.895	4.05036e-06
7.9	4.09163e-06
7.905	4.12451e-06
7.91	4.1484e-06
7.915	4.15561e-06
7.92	4.14535e-06
7.925	4.12384e-06
7.93	4.08223e-06
7.935	4.03664e-06
7.94	3.98057e-06
7.945	3.91287e-06
7.95	3.83737e-06
7.955	3.75457e-06
7.96	3.67393e-06
7.965	3.60311e-06
7.97	3.53734e-06
7.975	3.4941e-06
7.98	3.47701e-06
7.985	3.4836e-06
7.99	3.51025e-06
7.995	3.54979e-06
8	3.59811e-06
8.005	3.64622e-06
8.01	3.69684e-06
8.015	3.74845e-06
8.02	3.79967e-06
8.025	3.85023e-06
8.03	3.89954e-06
8.035	3.9468e-06
8.04	3.99259e-06
8.045	4.03845e-06
8.05	4.08085e-06
8.055	4.11517e-06
8.06	4.14269e-06
8.065	4.15348e-06
8.07	4.15069e-06
8.075	4.13088e-06
8.08	4.09664e-06
8.085	4.04996e-06
8.09	3.99643e-06
8.095	3.93146e-06
8.1	3.85906e-06
8.105	3.77774e-06
8.11	3.69526e-06
8.115	3.62039e-06
8.12	3.5521e-06
8.125	3.50667e-06
8.13	3.47926e-06
8.135	3.47939e-06
8.14	3.50167e-06
8.145	3.53768e-06
8.15	3.5846e-06
8.155	3.63177e-06
8.16	3.68488e-06
8.165	3.73393e-06
8.17	3.7871e-06
8.175	3.83799e-06
8.18	3.88728e-06
8.185	3.93435e-06
8.19	3.98005e-06
8.195	4.02674e-06
8.2	4.06907e-06
8.205	4.10613e-06
8.21	4.1359e-06
8.215	4.15088e-06
8.22	4.15329e-06
8.225	4.13567e-06
8.23	4.10539e-06
8.235	4.06262e-06
8.24	4.01074e-06
8.245	3.9489e-06
8.25	3.87896e-06
8.255	3.79878e-06
8.26	3.71638e-06
8.265	3.63814e-06
8.27	3.56863e-06
8.275	3.51566e-06
8.28	3.48298e-06
8.285	3.47714e-06
8.29	3.49503e-06
8.295	3.5271e-06
8.3	3.57268e-06
8.305	3.61988e-06
8.31	3.67167e-06
8.315	3.72139e-06
8.32	3.77432e-06
8.325	3.82552e-06
8.33	3.87477e-06
8.335	3.9245e-06
8.34	3.96839e-06
8.345	4.01504e-06
8.35	4.05821e-06
8.355	4.09885e-06
8.36	4.12942e-06
8.365	4.14782e-06
8.37	4.15441e-06
8.375	4.14079e-06
8.38	4.1134e-06
8.385	4.07332e-06
8.39	4.02513e-06
8.395	3.9661e-06
8.4	3.89733e-06
8.405	3.81993e-06
8.41	3.73703e-06
8.415	3.65767e-06
8.42	3.5854e-06
8.425	3.52693e-06
8.43	3.48825e-06
8.435	3.47686e-06
8.44	3.48837e-06
8.445	3.51776e-06
8.45	3.55984e-06
8.455	3.60634e-06
8.46	3.65753e-06
8.465	3.70841e-06
8.47	3.76085e-06
8.475	3.81141e-06
8.48	3.8621e-06
8.485	3.91073e-06
8.49	3.95631e-06
8.495	4.00316e-06
8.5	4.04779e-06
8.505	4.0901e-06
8.51	4.12268e-06
8.515	4.14719e-06
8.52	4.15513e-06
8.525	4.14867e-06
8.53	4.12566e-06
8.535	4.08441e-06
8.54	4.03917e-06
8.545	3.98363e-06
8.55	3.91653e-06
8.555	3.84131e-06
8.56	3.76015e-06
8.565	3.67807e-06
8.57	3.60636e-06
8.575	3.53974e-06
8.58	3.49529e-06
8.585	3.47738e-06
8.59	3.48298e-06
8.595	3.50877e-06
8.6	3.5478e-06
8.605	3.59586e-06
8.61	3.64371e-06
8.615	3.69445e-06
8.62	3.74578e-06
8.625	3.79724e-06
8.63	3.84811e-06
8.635	3.89725e-06
8.64	3.94483e-06
8.645	3.99052e-06
8.65	4.03631e-06
8.655	4.079e-06
8.66	4.11366e-06
8.665	4.14157e-06
8.67	4.15305e-06
8.675	4.15145e-06
8.68	4.13194e-06
8.685	4.09828e-06
8.69	4.0523e-06
8.695	3.99909e-06
8.7	3.93464e-06
8.705	3.86262e-06
8.71	3.78161e-06
8.715	3.69919e-06
8.72	3.62376e-06
8.725	3.55473e-06
8.73	3.50842e-06
8.735	3.47983e-06
8.74	3.47894e-06
8.745	3.50042e-06
8.75	3.53575e-06
8.755	3.58236e-06
8.76	3.62951e-06
8.765	3.68246e-06
8.77	3.73179e-06
8.775	3.78484e-06
8.78	3.83573e-06
8.785	3.88504e-06
8.79	3.93205e-06
8.795	3.97789e-06
8.8	4.02454e-06
8.805	4.06687e-06
8.81	4.10501e-06
8.815	4.13479e-06
8.82	4.15041e-06
8.825	4.15367e-06
8.83	4.13674e-06
8.835	4.10705e-06
8.84	4.06483e-06
8.845	4.01336e-06
8.85	3.95203e-06
8.855	3.8824e-06
8.86	3.8026e-06
8.865	3.72023e-06
8.87	3.64167e-06
8.875	3.57165e-06
8.88	3.51786e-06
8.885	3.48399e-06
8.89	3.47725e-06
8.895	3.49403e-06
8.9	3.52592e-06
8.905	3.57062e-06
8.91	3.61775e-06
8.915	3.66961e-06
8.92	3.7193e-06
8.925	3.77312e-06
8.93	3.82324e-06
8.935	3.87295e-06
8.94	3.92213e-06
8.945	3.96618e-06
8.95	4.01319e-06
8.955	4.05647e-06
8.96	4.09738e-06
8.965	4.12928e-06
8.97	4.14794e-06
8.975	4.15486e-06
8.98	4.14166e-06
8.985	4.11483e-06
8.99	4.07513e-06
8.995	4.02765e-06
9	3.96923e-06
9.005	3.90079e-06
9.01	3.82378e-06
9.015	3.74088e-06
9.02	3.66123e-06
9.025	3.5896e-06
9.03	3.52892e-06
9.035	3.48943e-06
9.04	3.47656e-06
9.045	3.48709e-06
9.05	3.51578e-06
9.055	3.55746e-06
9.06	3.60332e-06
9.065	3.65472e-06
9.07	3.70556e-06
9.075	3.75807e-06
9.08	3.80859e-06
9.085	3.85927e-06
9.09	3.90791e-06
9.095	3.95434e-06
9.1	4.00056e-06
9.105	4.04547e-06
9.11	4.08802e-06
9.115	4.12091e-06
9.12	4.14606e-06
9.125	4.1548e-06
9.13	4.14912e-06
9.135	4.12672e-06
9.14	4.08623e-06
9.145	4.04154e-06
9.15	3.98656e-06
9.155	3.9199e-06
9.16	3.84639e-06
9.165	3.76412e-06
9.17	3.68192e-06
9.175	3.60946e-06
9.18	3.54248e-06
9.185	3.49644e-06
9.19	3.47746e-06
9.195	3.48206e-06
9.2	3.50735e-06
9.205	3.54573e-06
9.21	3.5935e-06
9.215	3.64098e-06
9.22	3.69188e-06
9.225	3.74304e-06
9.23	3.79602e-06
9.235	3.84591e-06
9.24	3.89474e-06
9.245	3.94301e-06
9.25	3.9883e-06
9.255	4.03397e-06
9.26	4.07695e-06
9.265	4.11202e-06
9.27	4.14042e-06
9.275	4.15246e-06
9.28	4.15193e-06
9.285	4.13307e-06
9.29	4.10009e-06
9.295	4.05559e-06
9.3	4.00178e-06
9.305	3.93775e-06
9.31	3.86645e-06
9.315	3.78553e-06
9.32	3.70312e-06
9.325	3.62696e-06
9.33	3.55733e-06
9.335	3.50972e-06
9.34	3.48035e-06
9.345	3.47811e-06
9.35	3.49906e-06
9.355	3.53354e-06
9.36	3.58e-06
9.365	3.62757e-06
9.37	3.67986e-06
9.375	3.72939e-06
9.38	3.78238e-06
9.385	3.83326e-06
9.39	3.88267e-06
9.395	3.93154e-06
9.4	3.97578e-06
9.405	4.02237e-06
9.41	4.06464e-06
9.415	4.10365e-06
9.42	4.13354e-06
9.425	4.14977e-06
9.43	4.1539e-06
9.435	4.13765e-06
9.44	4.10851e-06
9.445	4.067e-06
9.45	4.01597e-06
9.455	3.95526e-06
9.46	3.88586e-06
9.465	3.80656e-06
9.47	3.72408e-06
9.475	3.64531e-06
9.48	3.57451e-06
9.485	3.51988e-06
9.49	3.48478e-06
9.495	3.47726e-06
9.5	3.49289e-06
9.505	3.52435e-06
9.51	3.56842e-06
9.515	3.61542e-06
9.52	3.66707e-06
9.525	3.71692e-06
9.53	3.77067e-06
9.535	3.82072e-06
9.54	3.87092e-06
9.545	3.91975e-06
9.55	3.96391e-06
9.555	4.01115e-06
9.56	4.05461e-06
9.565	4.09572e-06
9.57	4.12792e-06
9.575	4.1472e-06
9.58	4.1549e-06
9.585	4.14239e-06
9.59	4.11623e-06
9.595	4.07691e-06
9.6	4.03025e-06
9.605	3.97232e-06
9.61	3.90437e-06
9.615	3.82784e-06
9.62	3.74484e-06
9.625	3.66492e-06
9.63	3.59586e-06
9.635	3.53191e-06
9.64	3.49075e-06
9.645	3.47695e-06
9.65	3.48619e-06
9.655	3.51411e-06
9.66	3.55521e-06
9.665	3.60131e-06
9.67	3.65214e-06
9.675	3.7031e-06
9.68	3.75534e-06
9.685	3.80606e-06
9.69	3.85673e-06
9.695	3.9055e-06
9.7	3.95229e-06
9.705	3.99829e-06
9.71	4.04343e-06
9.715	4.08609e-06
9.72	4.1194e-06
9.725	4.14513e-06
9.73	4.1545e-06
9.735	4.14979e-06
9.74	4.1283e-06
9.745	4.08819e-06
9.75	4.04389e-06
9.755	3.98942e-06
9.76	3.92344e-06
9.765	3.85015e-06
9.77	3.76815e-06
9.775	3.68573e-06
9.78	3.61255e-06
9.785	3.54489e-06
9.79	3.49778e-06
9.795	3.47757e-06
9.8	3.48094e-06
9.805	3.50579e-06
9.81	3.54322e-06
9.815	3.59093e-06
9.82	3.63825e-06
9.825	3.69145e-06
9.83	3.74066e-06
9.835	3.79358e-06
9.84	3.84375e-06
9.845	3.89275e-06
9.85	3.94063e-06
9.855	3.98582e-06
9.86	4.03145e-06
9.865	4.07473e-06
9.87	4.11021e-06
9.875	4.13907e-06
9.88	4.15204e-06
9.885	4.15228e-06
9.89	4.1338e-06
9.895	4.10177e-06
9.9	4.05782e-06
9.905	4.00448e-06
9.91	3.9408e-06
9.915	3.86998e-06
9.92	3.78945e-06
9.925	3.70695e-06
9.93	3.63013e-06
9.935	3.56008e-06
9.94	3.51113e-06
9.945	3.48102e-06
9.95	3.4777e-06
9.955	3.49791e-06
9.96	3.53149e-06
9.965	3.57781e-06
9.97	3.62525e-06
9.975	3.67747e-06
9.98	3.72701e-06
9.985	3.77999e-06
9.99	3.83106e-06
9.995	3.88022e-06
10	3.93022e-06
10.005	3.97374e-06
10.01	4.02013e-06
10.015	4.06282e-06
10.02	4.10215e-06
10.025	4.13241e-06
10.03	4.14923e-06
10.035	4.15415e-06
10.04	4.13857e-06
10.045	4.10993e-06
10.05	4.06879e-06
10.055	4.01848e-06
10.06	3.95851e-06
10.065	3.88917e-06
10.07	3.81041e-06
10.075	3.72781e-06
10.08	3.64884e-06
10.085	3.57722e-06
10.09	3.52178e-06
10.095	3.48539e-06
10.1	3.47688e-06
10.105	3.49162e-06
10.11	3.52245e-06
10.115	3.56586e-06
10.12	3.61274e-06
10.125	3.66422e-06
10.13	3.71422e-06
10.135	3.76791e-06
10.14	3.81799e-06
10.145	3.86847e-06
10.15	3.91715e-06
10.155	3.96167e-06
10.16	4.00883e-06
10.165	4.05259e-06
10.17	4.09375e-06
10.175	4.1263e-06
10.18	4.14628e-06
10.185	4.15484e-06
10.19	4.14308e-06
10.195	4.12192e-06
10.2	4.07929e-06
10.205	4.03308e-06
10.21	3.97535e-06
10.215	3.90786e-06
10.22	3.83159e-06
10.225	3.74885e-06
10.23	3.66862e-06
10.235	3.59888e-06
10.24	3.53428e-06
10.245	3.49202e-06
10.25	3.47725e-06
10.255	3.48546e-06
10.26	3.51265e-06
10.265	3.55345e-06
10.27	3.60178e-06
10.275	3.65041e-06
10.28	3.70104e-06
10.285	3.75278e-06
10.29	3.804e-06
10.295	3.85444e-06
10.3	3.90347e-06
10.305	3.95043e-06
10.31	3.99633e-06
10.315	4.04214e-06
10.32	4.08426e-06
10.325	4.11798e-06
10.33	4.1444e-06
10.335	4.15432e-06
10.34	4.15029e-06
10.345	4.12952e-06
10.35	4.09192e-06
10.355	4.04663e-06
10.36	3.9926e-06
10.365	3.92674e-06
10.37	3.85391e-06
10.375	3.77209e-06
10.38	3.6896e-06
10.385	3.61573e-06
10.39	3.54753e-06
10.395	3.49922e-06
10.4	3.47772e-06
10.405	3.47982e-06
10.41	3.50391e-06
10.415	3.54062e-06
10.42	3.58811e-06
10.425	3.6354e-06
10.43	3.68849e-06
10.435	3.73771e-06
10.44	3.79076e-06
10.445	3.84119e-06
10.45	3.89077e-06
10.455	3.93794e-06
10.46	3.98336e-06
10.465	4.02984e-06
10.47	4.07245e-06
10.475	4.10844e-06
10.48	4.13777e-06
10.485	4.15153e-06
10.49	4.15269e-06
10.495	4.13449e-06
10.5	4.1032e-06
10.505	4.0598e-06
10.51	4.00699e-06
10.515	3.94433e-06
10.52	3.87375e-06
10.525	3.79329e-06
10.53	3.71065e-06
10.535	3.63329e-06
10.54	3.56463e-06
10.545	3.51323e-06
10.55	3.4817e-06
10.555	3.47728e-06
10.56	3.49654e-06
10.565	3.52937e-06
10.57	3.57562e-06
10.575	3.6228e-06
10.58	3.67497e-06
10.585	3.72426e-06
10.59	3.77746e-06
10.595	3.82857e-06
10.6	3.87775e-06
10.605	3.92777e-06
10.61	3.97143e-06
10.615	4.01779e-06
10.62	4.06076e-06
10.625	4.10046e-06
10.63	4.13111e-06
10.635	4.1485e-06
10.64	4.15414e-06
10.645	4.13944e-06
10.65	4.11144e-06
10.655	4.07059e-06
10.66	4.02094e-06
10.665	3.96163e-06
10.67	3.89245e-06
10.675	3.81441e-06
10.68	3.73161e-06
10.685	3.6526e-06
10.69	3.58048e-06
10.695	3.5242e-06
10.7	3.48691e-06
10.705	3.47767e-06
10.71	3.49062e-06
10.715	3.52103e-06
10.72	3.56387e-06
10.725	3.61045e-06
10.73	3.66196e-06
10.735	3.71202e-06
10.74	3.76547e-06
10.745	3.81581e-06
10.75	3.86646e-06
10.755	3.91503e-06
10.76	3.95982e-06
10.765	4.0069e-06
10.77	4.05117e-06
10.775	4.09242e-06
10.78	4.12516e-06
10.785	4.14592e-06
10.79	4.15508e-06
10.795	4.14383e-06
10.8	4.12331e-06
10.805	4.08128e-06
10.81	4.03559e-06
10.815	3.97844e-06
10.82	3.91133e-06
10.825	3.83568e-06
10.83	3.75286e-06
10.835	3.67233e-06
10.84	3.60182e-06
10.845	3.53635e-06
10.85	3.49355e-06
10.855	3.47696e-06
10.86	3.48393e-06
10.865	3.51089e-06
10.87	3.55064e-06
10.875	3.59908e-06
10.88	3.64734e-06
10.885	3.69794e-06
10.89	3.74943e-06
10.895	3.80078e-06
10.9	3.85128e-06
10.905	3.90056e-06
10.91	3.94772e-06
10.915	3.99358e-06
10.92	4.03953e-06
10.925	4.08177e-06
10.93	4.11591e-06
10.935	4.14311e-06
10.94	4.15371e-06
10.945	4.15056e-06
10.95	4.13049e-06
10.955	4.09596e-06
10.96	4.04901e-06
10.965	3.99534e-06
10.97	3.93008e-06
10.975	3.85755e-06
10.98	3.77606e-06
10.985	3.6936e-06
10.99	3.61898e-06
10.995	3.55104e-06
11	3.50592e-06
11.005	3.47906e-06
11.01	3.47971e-06
11.015	3.50244e-06
11.02	3.53851e-06
11.025	3.58556e-06
11.03	3.63275e-06
11.035	3.68596e-06
11.04	3.73494e-06
11.045	3.78812e-06
11.05	3.83897e-06
11.055	3.8883e-06
11.06	3.93532e-06
11.065	3.98098e-06
11.07	4.02769e-06
11.075	4.07e-06
11.08	4.10686e-06
11.085	4.13642e-06
11.09	4.1511e-06
11.095	4.15313e-06
11.1	4.13538e-06
11.105	4.10473e-06
11.11	4.06185e-06
11.115	4.00963e-06
11.12	3.94756e-06
11.125	3.87742e-06
11.13	3.79712e-06
11.135	3.71455e-06
11.14	3.63667e-06
11.145	3.56743e-06
11.15	3.51496e-06
11.155	3.48259e-06
11.16	3.47717e-06
11.165	3.49548e-06
11.17	3.52775e-06
11.175	3.57358e-06
11.18	3.62076e-06
11.185	3.67266e-06
11.19	3.72234e-06
11.195	3.77515e-06
11.2	3.82618e-06
11.205	3.87562e-06
11.21	3.92545e-06
11.215	3.96926e-06
11.22	4.01578e-06
11.225	4.05885e-06
11.23	4.09884e-06
11.235	4.12976e-06
11.24	4.14786e-06
11.245	4.1542e-06
11.25	4.14028e-06
11.255	4.11272e-06
11.26	4.07235e-06
11.265	4.02405e-06
11.27	3.96464e-06
11.275	3.89585e-06
11.28	3.81829e-06
11.285	3.73535e-06
11.29	3.65624e-06
11.295	3.58412e-06
11.3	3.52628e-06
11.305	3.48829e-06
11.31	3.47749e-06
11.315	3.48949e-06
11.32	3.51924e-06
11.325	3.56161e-06
11.33	3.60816e-06
11.335	3.65944e-06
11.34	3.71033e-06
11.345	3.76286e-06
11.35	3.81332e-06
11.355	3.86401e-06
11.36	3.91257e-06
11.365	3.95794e-06
11.37	4.00475e-06
11.375	4.04931e-06
11.38	4.09065e-06
11.385	4.1237e-06
11.39	4.14794e-06
11.395	4.15552e-06
11.4	4.14864e-06
11.405	4.12528e-06
11.41	4.08366e-06
11.415	4.03813e-06
11.42	3.98137e-06
11.425	3.9149e-06
11.43	3.8395e-06
11.435	3.75833e-06
11.44	3.67632e-06
11.445	3.60492e-06
11.45	3.53862e-06
11.455	3.49467e-06
11.46	3.47722e-06
11.465	3.48317e-06
11.47	3.50929e-06
11.475	3.54853e-06
11.48	3.5967e-06
11.485	3.64467e-06
11.49	3.69534e-06
11.495	3.74681e-06
11.5	3.79819e-06
11.505	3.84891e-06
11.51	3.89813e-06
11.515	3.94556e-06
11.52	3.99134e-06
11.525	4.03708e-06
11.53	4.07969e-06
11.535	4.11425e-06
11.54	4.14201e-06
11.545	4.15322e-06
11.55	4.15104e-06
11.555	4.13144e-06
11.56	4.09755e-06
11.565	4.05126e-06
11.57	3.99791e-06
11.575	3.93312e-06
11.58	3.86102e-06
11.585	3.7799e-06
11.59	3.69744e-06
11.595	3.62226e-06
11.6	3.55357e-06
11.605	3.50767e-06
11.61	3.47958e-06
11.615	3.4792e-06
11.62	3.5009e-06
11.625	3.53659e-06
11.63	3.5833e-06
11.635	3.63045e-06
11.64	3.68344e-06
11.645	3.73276e-06
11.65	3.78579e-06
11.655	3.83667e-06
11.66	3.88595e-06
11.665	3.93301e-06
11.67	3.97879e-06
11.675	4.02546e-06
11.68	4.06776e-06
11.685	4.10571e-06
11.69	4.13527e-06
11.695	4.1506e-06
11.7	4.1535e-06
11.705	4.13635e-06
11.71	4.10626e-06
11.715	4.06386e-06
11.72	4.01224e-06
11.725	3.95067e-06
11.73	3.88092e-06
11.735	3.80098e-06
11.74	3.71858e-06
11.745	3.64014e-06
11.75	3.57023e-06
11.755	3.51693e-06
11.76	3.48356e-06
11.765	3.4772e-06
11.77	3.49445e-06
11.775	3.52652e-06
11.78	3.5715e-06
11.785	3.6187e-06
11.79	3.67039e-06
11.795	3.72022e-06
11.8	3.77309e-06
11.805	3.82433e-06
11.81	3.87366e-06
11.815	3.92315e-06
11.82	3.96714e-06
11.825	4.01397e-06
11.83	4.05719e-06
11.835	4.09799e-06
11.84	4.12866e-06
11.845	4.14753e-06
11.85	4.15454e-06
11.855	4.14125e-06
11.86	4.11419e-06
11.865	4.07435e-06
11.87	4.02655e-06
11.875	3.96788e-06
11.88	3.89927e-06
11.885	3.8221e-06
11.89	3.73919e-06
11.895	3.65969e-06
11.9	3.58839e-06
11.905	3.52807e-06
11.91	3.48909e-06
11.915	3.47675e-06
11.92	3.48775e-06
11.925	3.51676e-06
11.93	3.55852e-06
11.935	3.60486e-06
11.94	3.65604e-06
11.945	3.70691e-06
11.95	3.75947e-06
11.955	3.80996e-06
11.96	3.86061e-06
11.965	3.90924e-06
11.97	3.95547e-06
11.975	4.00181e-06
11.98	4.04653e-06
11.985	4.08897e-06
11.99	4.12172e-06
11.995	4.14663e-06
12	4.15496e-06
12.005	4.14888e-06
12.01	4.12627e-06
12.015	4.08537e-06
12.02	4.04051e-06
12.025	3.98532e-06
12.03	3.91845e-06
12.035	3.84343e-06
12.04	3.7624e-06
12.045	3.68012e-06
12.05	3.60808e-06
12.055	3.54136e-06
12.06	3.49593e-06
12.065	3.4774e-06
12.07	3.48246e-06
12.075	3.50786e-06
12.08	3.54657e-06
12.085	3.59447e-06
12.09	3.6421e-06
12.095	3.69295e-06
12.1	3.7442e-06
12.105	3.7957e-06
12.11	3.84678e-06
12.115	3.89576e-06
12.12	3.94397e-06
12.125	3.98923e-06
12.13	4.03495e-06
12.135	4.07779e-06
12.14	4.1127e-06
12.145	4.14077e-06
12.15	4.15268e-06
12.155	4.15171e-06
12.16	4.13249e-06
12.165	4.09923e-06
12.17	4.05356e-06
12.175	4.0006e-06
12.18	3.93634e-06
12.185	3.86492e-06
12.19	3.78383e-06
12.195	3.70144e-06
12.2	3.62559e-06
12.205	3.55617e-06
12.21	3.50915e-06
12.215	3.48006e-06
12.22	3.47841e-06
12.225	3.49956e-06
12.23	3.53441e-06
12.235	3.58091e-06
12.24	3.62803e-06
12.245	3.68093e-06
12.25	3.73032e-06
12.255	3.78336e-06
12.26	3.83426e-06
12.265	3.88369e-06
12.27	3.93061e-06
12.275	3.97655e-06
12.28	4.02319e-06
12.285	4.06554e-06
12.29	4.10431e-06
12.295	4.13402e-06
12.3	4.14986e-06
12.305	4.15379e-06
12.31	4.13726e-06
12.315	4.1079e-06
12.32	4.06595e-06
12.325	4.01483e-06
12.33	3.95384e-06
12.335	3.88439e-06
12.34	3.80486e-06
12.345	3.72243e-06
12.35	3.64374e-06
12.355	3.57332e-06
12.36	3.51905e-06
12.365	3.48451e-06
12.37	3.47742e-06
12.375	3.49346e-06
12.38	3.52512e-06
12.385	3.56946e-06
12.39	3.61651e-06
12.395	3.66828e-06
12.4	3.71802e-06
12.405	3.7718e-06
12.41	3.82186e-06
12.415	3.87191e-06
12.42	3.92085e-06
12.425	3.96489e-06
12.43	4.01212e-06
12.435	4.05548e-06
12.44	4.0965e-06
12.445	4.12858e-06
12.45	4.14753e-06
12.455	4.15493e-06
12.46	4.14207e-06
12.465	4.11566e-06
12.47	4.07614e-06
12.475	4.02898e-06
12.48	3.97097e-06
12.485	3.90274e-06
12.49	3.82607e-06
12.495	3.74312e-06
12.5	3.66331e-06
12.505	3.59457e-06
12.51	3.53096e-06
12.515	3.49028e-06
12.52	3.47674e-06
12.525	3.48657e-06
12.53	3.51485e-06
12.535	3.55618e-06
12.54	3.60198e-06
12.545	3.65333e-06
12.55	3.70411e-06
12.555	3.75655e-06
12.56	3.80712e-06
12.565	3.85779e-06
12.57	3.90652e-06
12.575	3.95315e-06
12.58	3.99922e-06
12.585	4.0443e-06
12.59	4.08687e-06
12.595	4.12003e-06
12.6	4.14548e-06
12.605	4.15459e-06
12.61	4.14948e-06
12.615	4.12771e-06
12.62	4.08733e-06
12.625	4.04288e-06
12.63	3.98821e-06
12.635	3.922e-06
12.64	3.84855e-06
12.645	3.76641e-06
12.65	3.68408e-06
12.655	3.61121e-06
12.66	3.54389e-06
12.665	3.49732e-06
12.67	3.4776e-06
12.675	3.48156e-06
12.68	3.50663e-06
12.685	3.54448e-06
12.69	3.59219e-06
12.695	3.63958e-06
12.7	3.69048e-06
12.705	3.74154e-06
12.71	3.79468e-06
12.715	3.84492e-06
12.72	3.89403e-06
12.725	3.94178e-06
12.73	3.98703e-06
12.735	4.03266e-06
12.74	4.07579e-06
12.745	4.11106e-06
12.75	4.13969e-06
12.755	4.15227e-06
12.76	4.15218e-06
12.765	4.13355e-06
12.77	4.101e-06
12.775	4.05688e-06
12.78	4.00332e-06
12.785	3.93949e-06
12.79	3.86846e-06
12.795	3.78771e-06
12.8	3.70531e-06
12.805	3.62871e-06
12.81	3.55881e-06
12.815	3.51046e-06
12.82	3.48071e-06
12.825	3.47771e-06
12.83	3.49838e-06
12.835	3.53234e-06
12.84	3.57874e-06
12.845	3.62622e-06
12.85	3.67846e-06
12.855	3.72802e-06
12.86	3.78103e-06
12.865	3.83198e-06
12.87	3.88125e-06
12.875	3.9312e-06
12.88	3.97467e-06
12.885	4.0211e-06
12.89	4.06359e-06
12.895	4.10282e-06
12.9	4.13292e-06
12.905	4.14949e-06
12.91	4.15411e-06
12.915	4.13822e-06
12.92	4.10932e-06
12.925	4.068e-06
12.93	4.01743e-06
12.935	3.95715e-06
12.94	3.88774e-06
12.945	3.80874e-06
12.95	3.7262e-06
12.955	3.64729e-06
12.96	3.57597e-06
12.965	3.52083e-06
12.97	3.48495e-06
12.975	3.47687e-06
12.98	3.492e-06
12.985	3.52306e-06
12.99	3.56675e-06
12.995	3.61369e-06
13	3.66523e-06
13.005	3.71519e-06
13.01	3.76898e-06
13.015	3.81896e-06
13.02	3.8694e-06
13.025	3.9181e-06
13.03	3.96241e-06
13.035	4.00969e-06
13.04	4.05336e-06
13.045	4.09451e-06
13.05	4.12692e-06
13.055	4.14666e-06
13.06	4.15486e-06
13.065	4.14276e-06
13.07	4.12139e-06
13.075	4.07855e-06
13.08	4.03202e-06
13.085	3.97412e-06
13.09	3.90642e-06
13.095	3.83005e-06
13.1	3.74718e-06
13.105	3.66706e-06
13.11	3.59759e-06
13.115	3.53329e-06
13.12	3.49151e-06
13.125	3.47718e-06
13.13	3.48581e-06
13.135	3.51331e-06
13.14	3.55423e-06
13.145	3.60065e-06
13.15	3.65101e-06
13.155	3.70193e-06
13.16	3.75392e-06
13.165	3.80499e-06
13.17	3.85547e-06
13.175	3.90432e-06
13.18	3.95126e-06
13.185	3.9972e-06
13.19	4.04304e-06
13.195	4.08508e-06
13.2	4.11865e-06
13.205	4.14478e-06
13.21	4.15443e-06
13.215	4.15015e-06
13.22	4.12902e-06
13.225	4.0911e-06
13.23	4.04563e-06
13.235	3.9911e-06
13.24	3.92542e-06
13.245	3.85224e-06
13.25	3.77042e-06
13.255	3.68795e-06
13.26	3.61439e-06
13.265	3.54625e-06
13.27	3.49846e-06
13.275	3.4776e-06
13.28	3.48022e-06
13.285	3.50464e-06
13.29	3.54164e-06
13.295	3.58921e-06
13.3	3.63653e-06
13.305	3.68969e-06
13.31	3.73891e-06
13.315	3.79194e-06
13.32	3.8422e-06
13.325	3.89114e-06
13.33	3.93899e-06
13.335	3.98437e-06
13.34	4.03084e-06
13.345	4.07338e-06
13.35	4.1092e-06
13.355	4.1383e-06
13.36	4.15172e-06
13.365	4.15249e-06
13.37	4.13414e-06
13.375	4.10258e-06
13.38	4.05896e-06
13.385	4.0059e-06
13.39	3.94294e-06
13.395	3.87219e-06
13.4	3.7917e-06
13.405	3.70904e-06
13.41	3.63191e-06
13.415	3.56366e-06
13.42	3.51235e-06
13.425	3.48139e-06
13.43	3.47737e-06
13.435	3.49704e-06
13.44	3.53013e-06
13.445	3.57649e-06
13.45	3.62376e-06
13.455	3.67594e-06
13.46	3.72539e-06
13.465	3.77846e-06
13.47	3.82958e-06
13.475	3.87868e-06
13.48	3.92873e-06
13.485	3.97234e-06
13.49	4.0187e-06
13.495	4.06157e-06
13.5	4.10112e-06
13.505	4.13164e-06
13.51	4.14878e-06
13.515	4.15412e-06
13.52	4.13902e-06
13.525	4.11085e-06
13.53	4.06985e-06
13.535	4.01989e-06
13.54	3.9603e-06
13.545	3.89106e-06
13.55	3.8127e-06
13.555	3.72998e-06
13.56	3.651e-06
13.565	3.57923e-06
13.57	3.52324e-06
13.575	3.48646e-06
13.58	3.47689e-06
13.585	3.49114e-06
13.59	3.52161e-06
13.595	3.5647e-06
13.6	3.61142e-06
13.605	3.66295e-06
13.61	3.71296e-06
13.615	3.76652e-06
13.62	3.81676e-06
13.625	3.86728e-06
13.63	3.91593e-06
13.635	3.96058e-06
13.64	4.0077e-06
13.645	4.05179e-06
13.65	4.09291e-06
13.655	4.12559e-06
13.66	4.14601e-06
13.665	4.15493e-06
13.67	4.14349e-06
13.675	4.12267e-06
13.68	4.08037e-06
13.685	4.03447e-06
13.69	3.97716e-06
13.695	3.90984e-06
13.7	3.83371e-06
13.705	3.75113e-06
13.71	3.67074e-06
13.715	3.60059e-06
13.72	3.53552e-06
13.725	3.49309e-06
13.73	3.4773e-06
13.735	3.48489e-06
13.74	3.51182e-06
13.745	3.55226e-06
13.75	3.60041e-06
13.755	3.64897e-06
13.76	3.69964e-06
13.765	3.75116e-06
13.77	3.80252e-06
13.775	3.85296e-06
13.78	3.90217e-06
13.785	3.94924e-06
13.79	3.99509e-06
13.795	4.04098e-06
13.8	4.08313e-06
13.805	4.11699e-06
13.81	4.14385e-06
13.815	4.15415e-06
13.82	4.15056e-06
13.825	4.13012e-06
13.83	4.09527e-06
13.835	4.04801e-06
13.84	3.99419e-06
13.845	3.92853e-06
13.85	3.8559e-06
13.855	3.7743e-06
13.86	3.69179e-06
13.865	3.61746e-06
13.87	3.54884e-06
13.875	3.50513e-06
13.88	3.47875e-06
13.885	3.47997e-06
13.89	3.50302e-06
13.895	3.53921e-06
13.9	3.58653e-06
13.905	3.63378e-06
13.91	3.68676e-06
13.915	3.73603e-06
13.92	3.78918e-06
13.925	3.83999e-06
13.93	3.88934e-06
13.935	3.93638e-06
13.94	3.98198e-06
13.945	4.02867e-06
13.95	4.07099e-06
13.955	4.10763e-06
13.96	4.13688e-06
13.965	4.15128e-06
13.97	4.15294e-06
13.975	4.13501e-06
13.98	4.10407e-06
13.985	4.06102e-06
13.99	4.00849e-06
13.995	3.94617e-06
14	3.87583e-06
14.005	3.79547e-06
14.01	3.71283e-06
14.015	3.63519e-06
14.02	3.56622e-06
14.025	3.51417e-06
14.03	3.48217e-06
14.035	3.47721e-06
14.04	3.49589e-06
14.045	3.52839e-06
14.05	3.5744e-06
14.055	3.62161e-06
14.06	3.67357e-06
14.065	3.72329e-06
14.07	3.77604e-06
14.075	3.82712e-06
14.08	3.87647e-06
14.085	3.92642e-06
14.09	3.97018e-06
14.095	4.01659e-06
14.1	4.05964e-06
14.105	4.09953e-06
14.11	4.13032e-06
14.115	4.14812e-06
14.12	4.15416e-06
14.125	4.13992e-06
14.13	4.11215e-06
14.135	4.07158e-06
14.14	4.02297e-06
14.145	3.96333e-06
14.15	3.8944e-06
14.155	3.8166e-06
14.16	3.73371e-06
14.165	3.65465e-06
14.17	3.58204e-06
14.175	3.52534e-06
14.18	3.4874e-06
14.185	3.47743e-06
14.19	3.48982e-06
14.195	3.51986e-06
14.2	3.56245e-06
14.205	3.60897e-06
14.21	3.66041e-06
14.215	3.71125e-06
14.22	3.76391e-06
14.225	3.81427e-06
14.23	3.86499e-06
14.235	3.91352e-06
14.24	3.95872e-06
14.245	4.00562e-06
14.25	4.05007e-06
14.255	4.09133e-06
14.26	4.12426e-06
14.265	4.14826e-06
14.27	4.1556e-06
14.275	4.1484e-06
14.28	4.12473e-06
14.285	4.08285e-06
14.29	4.03711e-06
14.295	3.98015e-06
14.3	3.91329e-06
14.305	3.83785e-06
14.31	3.75512e-06
14.315	3.67445e-06
14.32	3.60354e-06
14.325	3.53767e-06
14.33	3.49428e-06
14.335	3.47706e-06
14.34	3.48351e-06
14.345	3.51004e-06
14.35	3.54952e-06
14.355	3.5978e-06
14.36	3.64589e-06
14.365	3.69651e-06
14.37	3.7481e-06
14.375	3.79935e-06
14.38	3.84994e-06
14.385	3.89923e-06
14.39	3.94653e-06
14.395	3.99232e-06
14.4	4.03815e-06
14.405	4.08059e-06
14.41	4.11498e-06
14.415	4.14254e-06
14.42	4.15343e-06
14.425	4.15076e-06
14.43	4.13103e-06
14.435	4.09688e-06
14.44	4.05026e-06
14.445	3.99679e-06
14.45	3.93186e-06
14.455	3.85954e-06
14.46	3.77827e-06
14.465	3.69579e-06
14.47	3.62084e-06
14.475	3.55246e-06
14.48	3.50689e-06
14.485	3.47935e-06
14.49	3.47927e-06
14.495	3.50147e-06
14.5	3.53739e-06
