0	0
0.005	0
0.01	0
0.015	0
0.02	3.21823e-06
0.025	9.78837e-06
0.03	1.37715e-05
0.035	1.4613e-05
0.04	1.46755e-05
0.045	1.48385e-05
0.05	1.50743e-05
0.055	1.477e-05
0.06	1.49767e-05
0.065	1.44872e-05
0.07	1.46314e-05
0.075	1.41558e-05
0.08	1.40865e-05
0.085	1.34375e-05
0.09	1.32394e-05
0.095	1.25952e-05
0.1	1.23923e-05
0.105	1.18454e-05
0.11	1.18141e-05
0.115	1.11418e-05
0.12	1.11783e-05
0.125	1.06892e-05
0.13	1.06488e-05
0.135	1.01172e-05
0.14	9.93568e-06
0.145	9.37299e-06
0.15	9.1433e-06
0.155	8.54379e-06
0.16	8.28266e-06
0.165	7.80876e-06
0.17	7.73026e-06
0.175	7.40549e-06
0.18	7.49102e-06
0.185	7.38879e-06
0.19	7.44122e-06
0.195	7.34187e-06
0.2	7.23345e-06
0.205	7.28744e-06
0.21	7.08258e-06
0.215	7.54909e-06
0.22	7.45245e-06
0.225	8.13102e-06
0.23	8.09606e-06
0.235	8.71978e-06
0.24	8.47072e-06
0.245	9.18535e-06
0.25	9.00356e-06
0.255	9.89435e-06
0.26	9.67267e-06
0.265	9.6077e-06
0.27	7.83785e-06
0.275	6.62616e-06
0.28	5.3147e-06
0.285	5.8623e-06
0.29	5.75528e-06
0.295	7.09104e-06
0.3	7.66876e-06
0.305	8.84711e-06
0.31	8.92272e-06
0.315	9.30139e-06
0.32	8.90035e-06
0.325	9.36427e-06
0.33	9.27106e-06
0.335	9.99157e-06
0.34	1.00752e-05
0.345	1.04446e-05
0.35	9.46162e-06
0.355	8.28039e-06
0.36	6.47257e-06
0.365	6.54538e-06
0.37	6.29113e-06
0.375	7.19685e-06
0.38	7.94031e-06
0.385	9.04545e-06
0.39	1.01299e-05
0.395	1.0257e-05
0.4	1.07376e-05
0.405	9.99412e-06
0.41	1.03195e-05
0.415	9.97412e-06
0.42	1.06725e-05
0.425	1.08527e-05
0.43	1.1791e-05
0.435	1.1341e-05
0.44	1.09051e-05
0.445	8.84014e-06
0.45	7.88879e-06
0.455	6.77581e-06
0.46	7.27821e-06
0.465	6.96104e-06
0.47	7.85246e-06
0.475	8.11342e-06
0.48	9.0082e-06
0.485	9.01532e-06
0.49	9.22696e-06
0.495	8.72306e-06
0.5	8.93306e-06
0.505	8.63093e-06
0.51	9.27666e-06
0.515	9.57711e-06
0.52	1.05814e-05
0.525	1.05229e-05
0.53	1.02119e-05
0.535	8.53193e-06
0.54	7.92665e-06
0.545	7.34003e-06
0.55	8.17387e-06
0.555	8.58468e-06
0.56	9.95948e-06
0.565	1.10702e-05
0.57	1.23402e-05
0.575	1.32751e-05
0.58	1.34507e-05
0.585	1.3727e-05
0.59	1.37956e-05
0.595	1.42732e-05
0.6	1.47351e-05
0.605	1.56624e-05
0.61	1.6306e-05
0.615	1.70136e-05
0.62	1.64959e-05
0.625	1.55188e-05
0.63	1.4278e-05
0.635	1.43295e-05
0.64	1.3894e-05
0.645	1.44023e-05
0.65	1.42721e-05
0.655	1.45955e-05
0.66	1.44189e-05
0.665	1.36219e-05
0.67	1.25472e-05
0.675	1.09973e-05
0.68	9.85445e-06
0.685	8.78938e-06
0.69	8.32725e-06
0.695	8.11621e-06
0.7	8.35636e-06
0.705	8.15496e-06
0.71	7.46561e-06
0.715	5.81894e-06
0.72	4.7266e-06
0.725	3.8083e-06
0.73	4.28564e-06
0.735	4.10001e-06
0.74	4.99722e-06
0.745	5.35815e-06
0.75	6.37179e-06
0.755	6.57279e-06
0.76	6.9039e-06
0.765	6.48005e-06
0.77	6.7001e-06
0.775	6.48174e-06
0.78	7.23412e-06
0.785	7.89117e-06
0.79	9.04346e-06
0.795	9.40023e-06
0.8	9.24833e-06
0.805	7.63938e-06
0.81	6.6917e-06
0.815	5.78164e-06
0.82	6.14245e-06
0.825	6.27865e-06
0.83	7.23706e-06
0.835	8.23329e-06
0.84	9.34269e-06
0.845	1.02961e-05
0.85	1.04762e-05
0.855	1.09333e-05
0.86	1.11135e-05
0.865	1.19186e-05
0.87	1.2306e-05
0.875	1.3502e-05
0.88	1.41192e-05
0.885	1.51881e-05
0.89	1.46588e-05
0.895	1.43262e-05
0.9	1.32253e-05
0.905	1.40875e-05
0.91	1.45199e-05
0.915	1.62344e-05
0.92	1.76225e-05
0.925	1.97976e-05
0.93	2.16938e-05
0.935	2.30137e-05
0.94	2.40777e-05
0.945	2.43567e-05
0.95	2.48551e-05
0.955	2.49244e-05
0.96	2.56153e-05
0.965	2.59311e-05
0.97	2.68172e-05
0.975	2.66259e-05
0.98	2.61648e-05
0.985	2.39021e-05
0.99	2.21343e-05
0.995	1.98787e-05
1	1.90797e-05
1.005	1.74849e-05
1.01	1.6911e-05
1.015	1.5693e-05
1.02	1.5147e-05
1.025	1.38788e-05
1.03	1.26604e-05
1.035	1.07754e-05
1.04	9.91031e-06
1.045	8.79169e-06
1.05	8.87845e-06
1.055	8.74645e-06
1.06	9.49367e-06
1.065	9.64095e-06
1.07	9.54299e-06
1.075	7.92853e-06
1.08	7.04227e-06
1.085	6.27041e-06
1.09	6.84752e-06
1.095	7.23607e-06
1.1	8.34471e-06
1.105	9.54048e-06
1.11	1.0659e-05
1.115	1.18935e-05
1.12	1.19812e-05
1.125	1.24165e-05
1.13	1.22151e-05
1.135	1.25558e-05
1.14	1.23833e-05
1.145	1.28137e-05
1.15	1.26256e-05
1.155	1.27721e-05
1.16	1.14983e-05
1.165	9.89153e-06
1.17	7.50287e-06
1.175	6.49472e-06
1.18	5.36914e-06
1.185	5.71786e-06
1.19	5.69847e-06
1.195	6.80345e-06
1.2	7.61425e-06
1.205	8.39115e-06
1.21	8.82674e-06
1.215	8.67148e-06
1.22	8.54409e-06
1.225	8.39308e-06
1.23	8.61387e-06
1.235	9.05457e-06
1.24	9.70848e-06
1.245	1.01778e-05
1.25	9.93949e-06
1.255	8.67205e-06
1.26	7.29134e-06
1.265	6.39934e-06
1.27	6.73317e-06
1.275	6.6705e-06
1.28	7.9503e-06
1.285	8.83896e-06
1.29	1.06297e-05
1.295	1.17054e-05
1.3	1.28882e-05
1.305	1.32826e-05
1.31	1.4172e-05
1.315	1.43573e-05
1.32	1.54276e-05
1.325	1.60197e-05
1.33	1.74543e-05
1.335	1.80702e-05
1.34	1.87432e-05
1.345	1.7483e-05
1.35	1.68287e-05
1.355	1.56482e-05
1.36	1.57714e-05
1.365	1.49129e-05
1.37	1.47533e-05
1.375	1.38754e-05
1.38	1.33956e-05
1.385	1.24567e-05
1.39	1.11762e-05
1.395	9.96871e-06
1.4	8.74067e-06
1.405	7.96945e-06
1.41	7.57054e-06
1.415	7.72773e-06
1.42	8.24354e-06
1.425	8.791e-06
1.43	8.67527e-06
1.435	7.56773e-06
1.44	6.2423e-06
1.445	5.61574e-06
1.45	5.33661e-06
1.455	6.01009e-06
1.46	6.26469e-06
1.465	7.4647e-06
1.47	8.28935e-06
1.475	9.27698e-06
1.48	9.44483e-06
1.485	9.72844e-06
1.49	9.37612e-06
1.495	9.6722e-06
1.5	9.54707e-06
1.505	1.00916e-05
1.51	1.03226e-05
1.515	1.09834e-05
1.52	1.04606e-05
1.525	9.59515e-06
1.53	7.7148e-06
1.535	7.34225e-06
1.54	7.03126e-06
1.545	7.61304e-06
1.55	8.01097e-06
1.555	8.9013e-06
1.56	1.00661e-05
1.565	1.07155e-05
1.57	1.16705e-05
1.575	1.17623e-05
1.58	1.25251e-05
1.585	1.30079e-05
1.59	1.42483e-05
1.595	1.50764e-05
1.6	1.68285e-05
1.605	1.76357e-05
1.61	1.89884e-05
1.615	1.8394e-05
1.62	1.84331e-05
1.625	1.79367e-05
1.63	1.9162e-05
1.635	1.94854e-05
1.64	2.07321e-05
1.645	2.10037e-05
1.65	2.1665e-05
1.655	2.12301e-05
1.66	2.05181e-05
1.665	1.86315e-05
1.67	1.72973e-05
1.675	1.53246e-05
1.68	1.43175e-05
1.685	1.28619e-05
1.69	1.24386e-05
1.695	1.15586e-05
1.7	1.08464e-05
1.705	8.3901e-06
1.71	6.67349e-06
1.715	4.87462e-06
1.72	5.03988e-06
1.725	4.72798e-06
1.73	5.63882e-06
1.735	6.17945e-06
1.74	7.32773e-06
1.745	8.11797e-06
1.75	8.36769e-06
1.755	8.52499e-06
1.76	8.41146e-06
1.765	8.65898e-06
1.77	8.74012e-06
1.775	9.36989e-06
1.78	9.63609e-06
1.785	1.02238e-05
1.79	9.77995e-06
1.795	8.71776e-06
1.8	6.8058e-06
1.805	5.78967e-06
1.81	4.85409e-06
1.815	5.44334e-06
1.82	5.43832e-06
1.825	6.62523e-06
1.83	7.50013e-06
1.835	8.55367e-06
1.84	8.95314e-06
1.845	9.00631e-06
1.85	8.72598e-06
1.855	8.54046e-06
1.86	8.51795e-06
1.865	8.94351e-06
1.87	9.45766e-06
1.875	1.00583e-05
1.88	9.98637e-06
1.885	9.17825e-06
1.89	7.57883e-06
1.895	6.65646e-06
1.9	6.68897e-06
1.905	6.79528e-06
1.91	7.98472e-06
1.915	8.82342e-06
1.92	1.05911e-05
1.925	1.1748e-05
1.93	1.28064e-05
1.935	1.28512e-05
1.94	1.35507e-05
1.945	1.36896e-05
1.95	1.48012e-05
1.955	1.54399e-05
1.96	1.69896e-05
1.965	1.79382e-05
1.97	1.88853e-05
1.975	1.7877e-05
1.98	1.67924e-05
1.985	1.50015e-05
1.99	1.45048e-05
1.995	1.30979e-05
2	1.2487e-05
2.005	1.13562e-05
2.01	1.08887e-05
2.015	1.01999e-05
2.02	9.22995e-06
2.025	8.29065e-06
2.03	7.29865e-06
2.035	6.73752e-06
2.04	6.50002e-06
2.045	6.70692e-06
2.05	7.12198e-06
2.055	7.76098e-06
2.06	7.88232e-06
2.065	7.12731e-06
2.07	5.82166e-06
2.075	4.95346e-06
2.08	4.48794e-06
2.085	5.17016e-06
2.09	5.28013e-06
2.095	6.5414e-06
2.1	7.25625e-06
2.105	8.51594e-06
2.11	8.81862e-06
2.115	9.24444e-06
2.12	8.83055e-06
2.125	9.11676e-06
2.13	8.91967e-06
2.135	9.49764e-06
2.14	9.7031e-06
2.145	1.05148e-05
2.15	1.02085e-05
2.155	9.64581e-06
2.16	7.79585e-06
2.165	7.04019e-06
2.17	6.14762e-06
2.175	6.62736e-06
2.18	6.72021e-06
2.185	7.72665e-06
2.19	8.47417e-06
2.195	9.41082e-06
2.2	1.00442e-05
2.205	1.01468e-05
2.21	1.03848e-05
2.215	1.05768e-05
2.22	1.13611e-05
2.225	1.2419e-05
2.23	1.39259e-05
2.235	1.52958e-05
2.24	1.65016e-05
2.245	1.65813e-05
2.25	1.62662e-05
2.255	1.60411e-05
2.26	1.70035e-05
2.265	1.75576e-05
2.27	1.91741e-05
2.275	2.00316e-05
2.28	2.15135e-05
2.285	2.19371e-05
2.29	2.20079e-05
2.295	2.07447e-05
2.3	1.94495e-05
2.305	1.71943e-05
2.31	1.56618e-05
2.315	1.36934e-05
2.32	1.26812e-05
2.325	1.13153e-05
2.33	1.04131e-05
2.335	8.3566e-06
2.34	6.34547e-06
2.345	4.32328e-06
2.35	4.12357e-06
2.355	3.77007e-06
2.36	4.41785e-06
2.365	4.81383e-06
2.37	5.818e-06
2.375	6.63497e-06
2.38	7.00891e-06
2.385	7.24025e-06
2.39	7.0002e-06
2.395	7.12404e-06
2.4	7.13091e-06
2.405	7.63276e-06
2.41	7.83761e-06
2.415	8.51336e-06
2.42	8.37604e-06
2.425	7.77259e-06
2.43	6.13629e-06
2.435	5.02796e-06
2.44	4.00344e-06
2.445	4.55795e-06
2.45	4.27923e-06
2.455	5.13893e-06
2.46	5.48406e-06
2.465	6.48778e-06
2.47	6.71052e-06
2.475	7.0771e-06
2.48	6.64196e-06
2.485	6.96269e-06
2.49	6.77458e-06
2.495	7.53977e-06
2.5	7.99513e-06
2.505	9.126e-06
2.51	9.42728e-06
2.515	9.24197e-06
2.52	7.46379e-06
2.525	6.50252e-06
2.53	5.63039e-06
2.535	6.00648e-06
2.54	6.14949e-06
2.545	7.06139e-06
2.55	8.09528e-06
2.555	9.00675e-06
2.56	1.00745e-05
2.565	1.00227e-05
2.57	1.0588e-05
2.575	1.04838e-05
2.58	1.13015e-05
2.585	1.1604e-05
2.59	1.27734e-05
2.595	1.3167e-05
2.6	1.43282e-05
2.605	1.36622e-05
2.61	1.33794e-05
2.615	1.23011e-05
2.62	1.32076e-05
2.625	1.36905e-05
2.63	1.54597e-05
2.635	1.68697e-05
2.64	1.89636e-05
2.645	2.07978e-05
2.65	2.20922e-05
2.655	2.31004e-05
2.66	2.34012e-05
2.665	2.39562e-05
2.67	2.40514e-05
2.675	2.47576e-05
2.68	2.50409e-05
2.685	2.5865e-05
2.69	2.55654e-05
2.695	2.49625e-05
2.7	2.2573e-05
2.705	2.06803e-05
2.71	1.82797e-05
2.715	1.73246e-05
2.72	1.56022e-05
2.725	1.48725e-05
2.73	1.35626e-05
2.735	1.2885e-05
2.74	1.16396e-05
2.745	1.05514e-05
2.75	8.96881e-06
2.755	8.40889e-06
2.76	7.74607e-06
2.765	7.97943e-06
2.77	8.22703e-06
2.775	9.26772e-06
2.78	9.82215e-06
2.785	1.01112e-05
2.79	9.00464e-06
2.795	8.48085e-06
2.8	8.1934e-06
2.805	8.87566e-06
2.81	9.61774e-06
2.815	1.06352e-05
2.82	1.20265e-05
2.825	1.31239e-05
2.83	1.43725e-05
2.835	1.45831e-05
2.84	1.53587e-05
2.845	1.52089e-05
2.85	1.60377e-05
2.855	1.6231e-05
2.86	1.72813e-05
2.865	1.76381e-05
2.87	1.8272e-05
2.875	1.70905e-05
2.88	1.57927e-05
2.885	1.3273e-05
2.89	1.24141e-05
2.895	1.10887e-05
2.9	1.10651e-05
2.905	1.05111e-05
2.91	1.08665e-05
2.915	1.09688e-05
2.92	1.08738e-05
2.925	1.05518e-05
2.93	9.88026e-06
2.935	9.3819e-06
2.94	8.96637e-06
2.945	9.05408e-06
2.95	9.35605e-06
2.955	1.00519e-05
2.96	1.04331e-05
2.965	1.03513e-05
2.97	9.17517e-06
2.975	8.15555e-06
2.98	7.47114e-06
2.985	8.07712e-06
2.99	8.0789e-06
2.995	9.29678e-06
3	1.00345e-05
3.005	1.15854e-05
3.01	1.23226e-05
3.015	1.33688e-05
3.02	1.35806e-05
3.025	1.45136e-05
3.03	1.47831e-05
3.035	1.60275e-05
3.04	1.6675e-05
3.045	1.81619e-05
3.05	1.85908e-05
3.055	1.88278e-05
3.06	1.68212e-05
3.065	1.51658e-05
3.07	1.29686e-05
3.075	1.2203e-05
3.08	1.07348e-05
3.085	1.04564e-05
3.09	9.86359e-06
3.095	9.99661e-06
3.1	9.90658e-06
3.105	9.43184e-06
3.11	9.15828e-06
3.115	8.74999e-06
3.12	8.86232e-06
3.125	8.87745e-06
3.13	9.4503e-06
3.135	9.70962e-06
3.14	1.01941e-05
3.145	9.58312e-06
3.15	8.30057e-06
3.155	6.49214e-06
3.16	5.6774e-06
3.165	5.02842e-06
3.17	5.68592e-06
3.175	5.84734e-06
3.18	7.09358e-06
3.185	8.07726e-06
3.19	8.88209e-06
3.195	9.3269e-06
3.2	9.05639e-06
3.205	8.94881e-06
3.21	8.67675e-06
3.215	8.81567e-06
3.22	9.14061e-06
3.225	9.8272e-06
3.23	1.01497e-05
3.235	1.01259e-05
3.24	8.88814e-06
3.245	7.57847e-06
3.25	6.53041e-06
3.255	6.95352e-06
3.26	6.88847e-06
3.265	8.17135e-06
3.27	9.00417e-06
3.275	1.06199e-05
3.28	1.13883e-05
3.285	1.22505e-05
3.29	1.2367e-05
3.295	1.30379e-05
3.3	1.31185e-05
3.305	1.42994e-05
3.31	1.49809e-05
3.315	1.6654e-05
3.32	1.74946e-05
3.325	1.84383e-05
3.33	1.73729e-05
3.335	1.64748e-05
3.34	1.50538e-05
3.345	1.48978e-05
3.35	1.38394e-05
3.355	1.35117e-05
3.36	1.27142e-05
3.365	1.23327e-05
3.37	1.16995e-05
3.375	1.0585e-05
3.38	9.65963e-06
3.385	8.53943e-06
3.39	8.05229e-06
3.395	7.70712e-06
3.4	8.02971e-06
3.405	8.2259e-06
3.41	8.7648e-06
3.415	8.36994e-06
3.42	7.39025e-06
3.425	5.68076e-06
3.43	4.84499e-06
3.435	3.93914e-06
3.44	4.36794e-06
3.445	4.2101e-06
3.45	5.17167e-06
3.455	5.83824e-06
3.46	6.89141e-06
3.465	7.50082e-06
3.47	7.79514e-06
3.475	7.95532e-06
3.48	8.04905e-06
3.485	8.27551e-06
3.49	8.75009e-06
3.495	9.37909e-06
3.5	1.00601e-05
3.505	9.99994e-06
3.51	9.13296e-06
3.515	7.45211e-06
3.52	6.47158e-06
3.525	6.32597e-06
3.53	6.19298e-06
3.535	7.02778e-06
3.54	7.43037e-06
3.545	8.7638e-06
3.55	9.58423e-06
3.555	1.03203e-05
3.56	1.0369e-05
3.565	1.09003e-05
3.57	1.08892e-05
3.575	1.1738e-05
3.58	1.22184e-05
3.585	1.3534e-05
3.59	1.43606e-05
3.595	1.53158e-05
3.6	1.46218e-05
3.605	1.43219e-05
3.61	1.37718e-05
3.615	1.49265e-05
3.62	1.56267e-05
3.625	1.73059e-05
3.63	1.86243e-05
3.635	2.03196e-05
3.64	2.16917e-05
3.645	2.23195e-05
3.65	2.28229e-05
3.655	2.24134e-05
3.66	2.21517e-05
3.665	2.12772e-05
3.67	2.07585e-05
3.675	1.96571e-05
3.68	1.89982e-05
3.685	1.70822e-05
3.69	1.48633e-05
3.695	1.14405e-05
3.7	9.18423e-06
3.705	6.89322e-06
3.71	6.2853e-06
3.715	5.43201e-06
3.72	5.89298e-06
3.725	6.11349e-06
3.73	6.73647e-06
3.735	6.88948e-06
3.74	6.84205e-06
3.745	6.66568e-06
3.75	6.73828e-06
3.755	6.92578e-06
3.76	7.60208e-06
3.765	8.3698e-06
3.77	9.37033e-06
3.775	9.85717e-06
3.78	9.66447e-06
3.785	8.56069e-06
3.79	7.97832e-06
3.795	8.21074e-06
3.8	8.52543e-06
3.805	9.74078e-06
3.81	1.05117e-05
3.815	1.21438e-05
3.82	1.32988e-05
3.825	1.4415e-05
3.83	1.4629e-05
3.835	1.53533e-05
3.84	1.5467e-05
3.845	1.63313e-05
3.85	1.66798e-05
3.855	1.76647e-05
3.86	1.81382e-05
3.865	1.86832e-05
3.87	1.76953e-05
3.875	1.65411e-05
3.88	1.50254e-05
3.885	1.50824e-05
3.89	1.48354e-05
3.895	1.55222e-05
3.9	1.60469e-05
3.905	1.69862e-05
3.91	1.77368e-05
3.915	1.77405e-05
3.92	1.7696e-05
3.925	1.69968e-05
3.93	1.67081e-05
3.935	1.63139e-05
3.94	1.66378e-05
3.945	1.68257e-05
3.95	1.76768e-05
3.955	1.76138e-05
3.96	1.71455e-05
3.965	1.54085e-05
3.97	1.45172e-05
3.975	1.3419e-05
3.98	1.39486e-05
3.985	1.38669e-05
3.99	1.49932e-05
3.995	1.56061e-05
4	1.69007e-05
4.005	1.73482e-05
4.01	1.7862e-05
4.015	1.75586e-05
4.02	1.78302e-05
4.025	1.74289e-05
4.03	1.77454e-05
4.035	1.74068e-05
4.04	1.74489e-05
4.045	1.60078e-05
4.05	1.43221e-05
4.055	1.0986e-05
4.06	8.76179e-06
4.065	6.56359e-06
4.07	6.10713e-06
4.075	5.33625e-06
4.08	5.88367e-06
4.085	6.29171e-06
4.09	7.1254e-06
4.095	7.6349e-06
4.1	7.54255e-06
4.105	7.51198e-06
4.11	7.32022e-06
4.115	7.55252e-06
4.12	7.76495e-06
4.125	8.26326e-06
4.13	8.66829e-06
4.135	8.84868e-06
4.14	8.09177e-06
4.145	6.55415e-06
4.15	5.13635e-06
4.155	4.64299e-06
4.16	4.18351e-06
4.165	4.69574e-06
4.17	4.68815e-06
4.175	5.82085e-06
4.18	6.47746e-06
4.185	7.37962e-06
4.19	7.43476e-06
4.195	7.88246e-06
4.2	7.59464e-06
4.205	8.02997e-06
4.21	8.11851e-06
4.215	8.99668e-06
4.22	9.5038e-06
4.225	1.02333e-05
4.23	9.46285e-06
4.235	8.29032e-06
4.24	6.54111e-06
4.245	6.29419e-06
4.25	6.01428e-06
4.255	6.61812e-06
4.26	7.19661e-06
4.265	8.25506e-06
4.27	9.48522e-06
4.275	1.00196e-05
4.28	1.07356e-05
4.285	1.07036e-05
4.29	1.13703e-05
4.295	1.17168e-05
4.3	1.28163e-05
4.305	1.3584e-05
4.31	1.50479e-05
4.315	1.57274e-05
4.32	1.63143e-05
4.325	1.55497e-05
4.33	1.54542e-05
4.335	1.52651e-05
4.34	1.66382e-05
4.345	1.73924e-05
4.35	1.91461e-05
4.355	2.03715e-05
4.36	2.19289e-05
4.365	2.26297e-05
4.37	2.28418e-05
4.375	2.20784e-05
4.38	2.12382e-05
4.385	1.97749e-05
4.39	1.86591e-05
4.395	1.72383e-05
4.4	1.62412e-05
4.405	1.48147e-05
4.41	1.29348e-05
4.415	9.75767e-06
4.42	7.39937e-06
4.425	5.58821e-06
4.43	5.0933e-06
4.435	4.9561e-06
4.44	5.19596e-06
4.445	5.91967e-06
4.45	6.19138e-06
4.455	6.91386e-06
4.46	6.50356e-06
4.465	6.78687e-06
4.47	6.10899e-06
4.475	6.66014e-06
4.48	6.60281e-06
4.485	7.76687e-06
4.49	8.34203e-06
4.495	9.61913e-06
4.5	9.10359e-06
4.505	8.75342e-06
4.51	7.3372e-06
4.515	7.60209e-06
4.52	7.37637e-06
4.525	8.5119e-06
4.53	9.11543e-06
4.535	1.07192e-05
4.54	1.19068e-05
4.545	1.30808e-05
4.55	1.37049e-05
4.555	1.41677e-05
4.56	1.45602e-05
4.565	1.50922e-05
4.57	1.57849e-05
4.575	1.66255e-05
4.58	1.74869e-05
4.585	1.80765e-05
4.59	1.77829e-05
4.595	1.66741e-05
4.6	1.5135e-05
4.605	1.43812e-05
4.61	1.4367e-05
4.615	1.43935e-05
4.62	1.53889e-05
4.625	1.60304e-05
4.63	1.73352e-05
4.635	1.79302e-05
4.64	1.82784e-05
4.645	1.7858e-05
4.65	1.77414e-05
4.655	1.72043e-05
4.66	1.74445e-05
4.665	1.76214e-05
4.67	1.84963e-05
4.675	1.88081e-05
4.68	1.88999e-05
4.685	1.75368e-05
4.69	1.63506e-05
4.695	1.53257e-05
4.7	1.53401e-05
4.705	1.54848e-05
4.71	1.60081e-05
4.715	1.70006e-05
4.72	1.77355e-05
4.725	1.88708e-05
4.73	1.86694e-05
4.735	1.92953e-05
4.74	1.87136e-05
4.745	1.91909e-05
4.75	1.91376e-05
4.755	1.97024e-05
4.76	1.90362e-05
4.765	1.90011e-05
4.77	1.69568e-05
4.775	1.47668e-05
4.78	1.11426e-05
4.785	9.18398e-06
4.79	6.95625e-06
4.795	6.31573e-06
4.8	5.3424e-06
4.805	5.66074e-06
4.81	5.78276e-06
4.815	6.24024e-06
4.82	6.29714e-06
4.825	6.24151e-06
4.83	6.02573e-06
4.835	6.11593e-06
4.84	6.24693e-06
4.845	6.86914e-06
4.85	7.49054e-06
4.855	8.21519e-06
4.86	8.16102e-06
4.865	7.46172e-06
4.87	6.02356e-06
4.875	5.39787e-06
4.88	5.52094e-06
4.885	5.67938e-06
4.89	6.59829e-06
4.895	7.12052e-06
4.9	8.42744e-06
4.905	9.04805e-06
4.91	9.64748e-06
4.915	9.40591e-06
4.92	9.66109e-06
4.925	9.27293e-06
4.93	9.72877e-06
4.935	9.75968e-06
4.94	1.05918e-05
4.945	1.08158e-05
4.95	1.10377e-05
4.955	9.40064e-06
4.96	8.4532e-06
4.965	7.24062e-06
4.97	7.74189e-06
4.975	7.60114e-06
4.98	8.42854e-06
4.985	8.90321e-06
4.99	9.98434e-06
4.995	1.08983e-05
5	1.14e-05
5.005	1.20685e-05
5.01	1.24354e-05
5.015	1.33448e-05
5.02	1.40921e-05
5.025	1.53974e-05
5.03	1.65029e-05
5.035	1.81122e-05
5.04	1.86716e-05
5.045	1.8868e-05
5.05	1.81806e-05
5.055	1.85531e-05
5.06	1.85922e-05
5.065	1.98195e-05
5.07	2.01028e-05
5.075	2.10301e-05
5.08	2.08113e-05
5.085	2.07248e-05
5.09	1.93186e-05
5.095	1.79665e-05
5.1	1.57779e-05
5.105	1.44304e-05
5.11	1.24259e-05
5.115	1.17743e-05
5.12	1.08173e-05
5.125	1.09608e-05
5.13	9.79528e-06
5.135	8.98515e-06
5.14	6.88438e-06
5.145	6.39001e-06
5.15	5.63594e-06
5.155	6.35392e-06
5.16	6.38402e-06
5.165	7.46106e-06
5.17	8.183e-06
5.175	8.99606e-06
5.18	9.44261e-06
5.185	9.37714e-06
5.19	9.50071e-06
5.195	9.47735e-06
5.2	9.86067e-06
5.205	1.01229e-05
5.21	1.0599e-05
5.215	1.08155e-05
5.22	1.06035e-05
5.225	9.43639e-06
5.23	7.72002e-06
5.235	6.53232e-06
5.24	6.37047e-06
5.245	6.22326e-06
5.25	7.13377e-06
5.255	7.48459e-06
5.26	8.68039e-06
5.265	9.2743e-06
5.27	9.82139e-06
5.275	9.37041e-06
5.28	9.35552e-06
5.285	8.6877e-06
5.29	8.88527e-06
5.295	8.83301e-06
5.3	9.72249e-06
5.305	1.00549e-05
5.31	1.06651e-05
5.315	9.65009e-06
5.32	8.74105e-06
5.325	7.61386e-06
5.33	8.0982e-06
5.335	8.085e-06
5.34	9.12569e-06
5.345	9.86662e-06
5.35	1.13305e-05
5.355	1.25776e-05
5.36	1.34125e-05
5.365	1.41551e-05
5.37	1.46684e-05
5.375	1.54204e-05
5.38	1.61279e-05
5.385	1.71152e-05
5.39	1.79485e-05
5.395	1.87815e-05
5.4	1.8538e-05
5.405	1.73645e-05
5.41	1.49382e-05
5.415	1.29252e-05
5.42	1.09341e-05
5.425	1.03522e-05
5.43	9.23268e-06
5.435	9.36375e-06
5.44	9.15368e-06
5.445	9.64882e-06
5.45	9.37578e-06
5.455	9.46584e-06
5.46	8.9064e-06
5.465	9.13136e-06
5.47	8.99841e-06
5.475	9.50057e-06
5.48	9.64697e-06
5.485	1.02519e-05
5.49	9.89962e-06
5.495	9.1753e-06
5.5	7.24857e-06
5.505	6.27316e-06
5.51	5.39778e-06
5.515	5.80249e-06
5.52	6.0691e-06
5.525	7.05692e-06
5.53	8.09114e-06
5.535	8.80991e-06
5.54	9.57937e-06
5.545	9.16276e-06
5.55	9.21531e-06
5.555	8.64538e-06
5.56	8.86906e-06
5.565	8.79887e-06
5.57	9.64703e-06
5.575	9.80954e-06
5.58	1.04183e-05
5.585	9.35542e-06
5.59	8.3568e-06
5.595	6.79151e-06
5.6	7.06139e-06
5.605	6.82879e-06
5.61	7.85909e-06
5.615	8.46687e-06
5.62	9.82389e-06
5.625	1.08767e-05
5.63	1.16129e-05
5.635	1.21058e-05
5.64	1.24604e-05
5.645	1.30411e-05
5.65	1.38207e-05
5.655	1.49479e-05
5.66	1.62208e-05
5.665	1.76323e-05
5.67	1.86194e-05
5.675	1.84864e-05
5.68	1.7325e-05
5.685	1.59804e-05
5.69	1.47829e-05
5.695	1.43475e-05
5.7	1.31282e-05
5.705	1.28602e-05
5.71	1.19894e-05
5.715	1.18606e-05
5.72	1.09186e-05
5.725	1.0325e-05
5.73	9.18874e-06
5.735	9.01969e-06
5.74	8.44726e-06
5.745	8.94667e-06
5.75	8.9661e-06
5.755	9.79494e-06
5.76	9.46265e-06
5.765	9.01558e-06
5.77	7.05185e-06
5.775	5.99973e-06
5.78	4.73192e-06
5.785	5.0985e-06
5.79	4.9673e-06
5.795	6.04224e-06
5.8	6.88726e-06
5.805	8.10642e-06
5.81	8.85461e-06
5.815	8.96228e-06
5.82	8.95952e-06
5.825	8.64809e-06
5.83	8.68826e-06
5.835	8.77089e-06
5.84	9.3699e-06
5.845	9.764e-06
5.85	1.02571e-05
5.855	9.54378e-06
5.86	8.24842e-06
5.865	6.76034e-06
5.87	6.55363e-06
5.875	6.11754e-06
5.88	7.06763e-06
5.885	7.62558e-06
5.89	9.25352e-06
5.895	1.03838e-05
5.9	1.17043e-05
5.905	1.21157e-05
5.91	1.27851e-05
5.915	1.27946e-05
5.92	1.36273e-05
5.925	1.408e-05
5.93	1.52899e-05
5.935	1.62304e-05
5.94	1.73916e-05
5.945	1.7083e-05
5.95	1.64742e-05
5.955	1.51173e-05
5.96	1.51353e-05
5.965	1.46891e-05
5.97	1.47627e-05
5.975	1.43034e-05
5.98	1.3896e-05
5.985	1.3397e-05
5.99	1.20835e-05
5.995	1.10968e-05
6	9.3186e-06
6.005	8.40426e-06
6.01	7.37453e-06
6.015	7.37595e-06
6.02	7.1238e-06
6.025	8.0508e-06
6.03	7.99222e-06
6.035	8.16916e-06
6.04	6.56659e-06
6.045	5.7549e-06
6.05	4.77363e-06
6.055	5.48326e-06
6.06	5.51683e-06
6.065	6.66399e-06
6.07	7.31102e-06
6.075	8.54563e-06
6.08	9.08141e-06
6.085	9.49037e-06
6.09	9.29497e-06
6.095	9.52622e-06
6.1	9.36427e-06
6.105	9.77816e-06
6.11	9.98506e-06
6.115	1.07464e-05
6.12	1.06883e-05
6.125	1.04089e-05
6.13	8.74598e-06
6.135	7.57926e-06
6.14	6.64604e-06
6.145	6.9349e-06
6.15	7.15791e-06
6.155	7.76665e-06
6.16	8.63179e-06
6.165	9.30348e-06
6.17	1.0269e-05
6.175	1.02613e-05
6.18	1.08921e-05
6.185	1.09626e-05
6.19	1.2009e-05
6.195	1.2674e-05
6.2	1.43122e-05
6.205	1.52785e-05
6.21	1.70453e-05
6.215	1.71446e-05
6.22	1.74635e-05
6.225	1.66647e-05
6.23	1.75943e-05
6.235	1.79404e-05
6.24	1.92622e-05
6.245	1.99119e-05
6.25	2.09467e-05
6.255	2.13395e-05
6.26	2.10279e-05
6.265	2.00061e-05
6.27	1.82481e-05
6.275	1.64311e-05
6.28	1.45776e-05
6.285	1.30834e-05
6.29	1.18182e-05
6.295	1.09494e-05
6.3	1.01237e-05
6.305	8.90457e-06
6.31	6.99709e-06
6.315	5.30336e-06
6.32	4.30017e-06
6.325	4.5509e-06
6.33	4.3977e-06
6.335	5.42673e-06
6.34	5.9081e-06
6.345	7.16534e-06
6.35	7.68734e-06
6.355	8.17929e-06
6.36	7.79691e-06
6.365	8.16172e-06
6.37	7.86888e-06
6.375	8.53566e-06
6.38	8.55638e-06
6.385	9.37453e-06
6.39	9.35256e-06
6.395	9.30784e-06
6.4	7.52194e-06
6.405	6.27856e-06
6.41	4.75285e-06
6.415	4.90415e-06
6.42	4.51213e-06
6.425	5.32844e-06
6.43	5.90009e-06
6.435	7.133e-06
6.44	8.03239e-06
6.445	8.36735e-06
6.45	8.53203e-06
6.455	8.38432e-06
6.46	8.35037e-06
6.465	8.47212e-06
6.47	8.93772e-06
6.475	9.55388e-06
6.48	1.01471e-05
6.485	9.90307e-06
6.49	8.71644e-06
6.495	7.22959e-06
6.5	6.54923e-06
6.505	6.19309e-06
6.51	6.91551e-06
6.515	7.24541e-06
6.52	8.70116e-06
6.525	9.89459e-06
6.53	1.13271e-05
6.535	1.20831e-05
6.54	1.30927e-05
6.545	1.35733e-05
6.55	1.46886e-05
6.555	1.54117e-05
6.56	1.66692e-05
6.565	1.74638e-05
6.57	1.86331e-05
6.575	1.86814e-05
6.58	1.82343e-05
6.585	1.66893e-05
6.59	1.64976e-05
6.595	1.60818e-05
6.6	1.61963e-05
6.605	1.5798e-05
6.61	1.53915e-05
6.615	1.502e-05
6.62	1.38555e-05
6.625	1.30771e-05
6.63	1.10636e-05
6.635	1.00565e-05
6.64	8.55332e-06
6.645	8.12338e-06
6.65	7.53348e-06
6.655	8.10798e-06
6.66	7.96771e-06
6.665	8.44069e-06
6.67	6.90802e-06
6.675	6.06132e-06
6.68	4.69832e-06
6.685	5.1496e-06
6.69	4.90566e-06
6.695	5.87621e-06
6.7	6.33387e-06
6.705	7.56375e-06
6.71	8.19288e-06
6.715	8.71582e-06
6.72	8.47852e-06
6.725	8.67624e-06
6.73	8.42287e-06
6.735	8.93982e-06
6.74	9.04422e-06
6.745	9.81708e-06
6.75	1.0011e-05
6.755	1.02057e-05
6.76	8.75497e-06
6.765	7.48461e-06
6.77	6.1656e-06
6.775	6.31111e-06
6.78	6.23427e-06
6.785	6.98355e-06
6.79	7.85889e-06
6.795	9.03724e-06
6.8	1.03514e-05
6.805	1.06395e-05
6.81	1.12289e-05
6.815	1.10506e-05
6.82	1.16076e-05
6.825	1.17774e-05
6.83	1.31234e-05
6.835	1.38445e-05
6.84	1.57463e-05
6.845	1.60362e-05
6.85	1.65093e-05
6.855	1.53683e-05
6.86	1.5651e-05
6.865	1.55754e-05
6.87	1.69565e-05
6.875	1.77323e-05
6.88	1.96087e-05
6.885	2.10655e-05
6.89	2.27086e-05
6.895	2.34236e-05
6.9	2.38945e-05
6.905	2.35619e-05
6.91	2.34215e-05
6.915	2.26619e-05
6.92	2.22068e-05
6.925	2.11666e-05
6.93	2.03712e-05
6.935	1.84546e-05
6.94	1.60657e-05
6.945	1.23913e-05
6.95	1.00158e-05
6.955	7.72717e-06
6.96	6.65593e-06
6.965	5.62605e-06
6.97	5.50412e-06
6.975	5.93727e-06
6.98	6.4078e-06
6.985	7.13711e-06
6.99	6.83875e-06
6.995	7.01063e-06
7	6.67489e-06
7.005	7.12704e-06
7.01	7.19332e-06
7.015	8.16303e-06
7.02	8.22504e-06
7.025	8.94859e-06
7.03	7.56622e-06
7.035	6.7141e-06
7.04	5.11322e-06
7.045	5.42175e-06
7.05	5.05653e-06
7.055	5.89197e-06
7.06	6.30691e-06
7.065	7.39412e-06
7.07	8.17269e-06
7.075	8.55868e-06
7.08	8.49036e-06
7.085	8.59522e-06
7.09	8.49559e-06
7.095	8.84604e-06
7.1	9.11609e-06
7.105	9.71295e-06
7.11	1.00764e-05
7.115	1.02716e-05
7.12	9.20903e-06
7.125	7.95201e-06
7.13	6.60727e-06
7.135	6.43097e-06
7.14	6.79922e-06
7.145	7.31289e-06
7.15	8.67071e-06
7.155	9.71204e-06
7.16	1.12923e-05
7.165	1.18601e-05
7.17	1.27781e-05
7.175	1.27235e-05
7.18	1.34515e-05
7.185	1.37578e-05
7.19	1.50804e-05
7.195	1.60173e-05
7.2	1.7693e-05
7.205	1.80436e-05
7.21	1.84944e-05
7.215	1.71977e-05
7.22	1.71368e-05
7.225	1.68158e-05
7.23	1.79334e-05
7.235	1.83399e-05
7.24	1.98677e-05
7.245	2.08483e-05
7.25	2.23545e-05
7.255	2.29528e-05
7.26	2.36181e-05
7.265	2.34875e-05
7.27	2.3932e-05
7.275	2.38247e-05
7.28	2.4436e-05
7.285	2.45542e-05
7.29	2.49606e-05
7.295	2.41812e-05
7.3	2.27707e-05
7.305	1.97163e-05
7.31	1.73721e-05
7.315	1.49481e-05
7.32	1.36009e-05
7.325	1.1953e-05
7.33	1.10321e-05
7.335	1.02057e-05
7.34	9.43021e-06
7.345	8.85465e-06
7.35	7.65829e-06
7.355	7.311e-06
7.36	6.83331e-06
7.365	7.13389e-06
7.37	7.12111e-06
7.375	7.84507e-06
7.38	8.01848e-06
7.385	8.48423e-06
7.39	7.3287e-06
7.395	6.24229e-06
7.4	4.50573e-06
7.405	4.52907e-06
7.41	3.96196e-06
7.415	4.62065e-06
7.42	4.713e-06
7.425	5.73008e-06
7.43	6.37188e-06
7.435	6.8942e-06
7.44	7.04636e-06
7.445	7.03728e-06
7.45	7.05884e-06
7.455	7.24264e-06
7.46	7.73269e-06
7.465	8.40747e-06
7.47	9.19191e-06
7.475	9.6162e-06
7.48	9.05481e-06
7.485	7.67118e-06
7.49	6.37885e-06
7.495	5.62507e-06
7.5	6.04763e-06
7.505	5.93932e-06
7.51	7.0604e-06
7.515	7.76919e-06
7.52	9.11379e-06
7.525	9.65074e-06
7.53	1.03111e-05
7.535	1.01931e-05
7.54	1.08257e-05
7.545	1.10157e-05
7.55	1.19913e-05
7.555	1.26472e-05
7.56	1.40254e-05
7.565	1.45924e-05
7.57	1.50127e-05
7.575	1.39896e-05
7.58	1.40189e-05
7.585	1.39942e-05
7.59	1.54234e-05
7.595	1.63776e-05
7.6	1.8268e-05
7.605	1.98673e-05
7.61	2.15407e-05
7.615	2.27907e-05
7.62	2.31183e-05
7.625	2.33362e-05
7.63	2.28777e-05
7.635	2.24761e-05
7.64	2.16782e-05
7.645	2.10131e-05
7.65	1.98628e-05
7.655	1.87136e-05
7.66	1.62431e-05
7.665	1.32368e-05
7.67	9.87433e-06
7.675	7.99267e-06
7.68	6.0806e-06
7.685	5.68902e-06
7.69	5.34176e-06
7.695	6.07676e-06
7.7	6.52676e-06
7.705	6.9024e-06
7.71	6.86537e-06
7.715	6.69647e-06
7.72	6.42365e-06
7.725	6.47981e-06
7.73	6.66267e-06
7.735	7.27554e-06
7.74	7.87901e-06
7.745	8.45076e-06
7.75	8.04701e-06
7.755	7.08938e-06
7.76	5.84129e-06
7.765	5.51024e-06
7.77	5.94186e-06
7.775	6.34244e-06
7.78	7.60692e-06
7.785	8.48901e-06
7.79	1.01208e-05
7.795	1.0971e-05
7.8	1.18485e-05
7.805	1.18686e-05
7.81	1.25298e-05
7.815	1.2616e-05
7.82	1.365e-05
7.825	1.42214e-05
7.83	1.55695e-05
7.835	1.59881e-05
7.84	1.62894e-05
7.845	1.45624e-05
7.85	1.36819e-05
7.855	1.23514e-05
7.86	1.26011e-05
7.865	1.23284e-05
7.87	1.3296e-05
7.875	1.39863e-05
7.88	1.5246e-05
7.885	1.62264e-05
7.89	1.65732e-05
7.895	1.69206e-05
7.9	1.68286e-05
7.905	1.70034e-05
7.91	1.71553e-05
7.915	1.77314e-05
7.92	1.82244e-05
7.925	1.88955e-05
7.93	1.85642e-05
7.935	1.76149e-05
7.94	1.64671e-05
7.945	1.62769e-05
7.95	1.63156e-05
7.955	1.74619e-05
7.96	1.81451e-05
7.965	1.97585e-05
7.97	2.10111e-05
7.975	2.22478e-05
7.98	2.25874e-05
7.985	2.29742e-05
7.99	2.27207e-05
7.995	2.30923e-05
8	2.31832e-05
8.005	2.39176e-05
8.01	2.42277e-05
8.015	2.48124e-05
8.02	2.4194e-05
8.025	2.29365e-05
8.03	2.04765e-05
8.035	1.91618e-05
8.04	1.75658e-05
8.045	1.64585e-05
8.05	1.51098e-05
8.055	1.39988e-05
8.06	1.32528e-05
8.065	1.17923e-05
8.07	1.09107e-05
8.075	8.8739e-06
8.08	8.13336e-06
8.085	7.02447e-06
8.09	7.1928e-06
8.095	7.18644e-06
8.1	8.03779e-06
8.105	8.01018e-06
8.11	8.30677e-06
8.115	6.69262e-06
8.12	5.67013e-06
8.125	4.26733e-06
8.13	4.65448e-06
8.135	4.33835e-06
8.14	5.20831e-06
8.145	5.52789e-06
8.15	6.68785e-06
8.155	7.15296e-06
8.16	7.60791e-06
8.165	7.1365e-06
8.17	7.32202e-06
8.175	6.87609e-06
8.18	7.44115e-06
8.185	7.43868e-06
8.19	8.29979e-06
8.195	8.43286e-06
8.2	8.6404e-06
8.205	7.12655e-06
8.21	6.00684e-06
8.215	4.69351e-06
8.22	5.0314e-06
8.225	4.76781e-06
8.23	5.58506e-06
8.235	6.14695e-06
8.24	7.3874e-06
8.245	8.30489e-06
8.25	8.84494e-06
8.255	9.2861e-06
8.26	9.54214e-06
8.265	9.98512e-06
8.27	1.06157e-05
8.275	1.15244e-05
8.28	1.25772e-05
8.285	1.36596e-05
8.29	1.40423e-05
8.295	1.34134e-05
8.3	1.23986e-05
8.305	1.21077e-05
8.31	1.22247e-05
8.315	1.3356e-05
8.32	1.40083e-05
8.325	1.55749e-05
8.33	1.67561e-05
8.335	1.80612e-05
8.34	1.86019e-05
8.345	1.91484e-05
8.35	1.90727e-05
8.355	1.95474e-05
8.36	1.95017e-05
8.365	1.99898e-05
8.37	2.00912e-05
8.375	2.05539e-05
8.38	1.99209e-05
8.385	1.89091e-05
8.39	1.69624e-05
8.395	1.65327e-05
8.4	1.63662e-05
8.405	1.72076e-05
8.41	1.80082e-05
8.415	1.93262e-05
8.42	2.08921e-05
8.425	2.19501e-05
8.43	2.30957e-05
8.435	2.31391e-05
8.44	2.37095e-05
8.445	2.36334e-05
8.45	2.43553e-05
8.455	2.45343e-05
8.46	2.58568e-05
8.465	2.60768e-05
8.47	2.70817e-05
8.475	2.60586e-05
8.48	2.55749e-05
8.485	2.43946e-05
8.49	2.49202e-05
8.495	2.44556e-05
8.5	2.48624e-05
8.505	2.44017e-05
8.51	2.44214e-05
8.515	2.36164e-05
8.52	2.25511e-05
8.525	2.06071e-05
8.53	1.88537e-05
8.535	1.65762e-05
8.54	1.48466e-05
8.545	1.30079e-05
8.55	1.20155e-05
8.555	1.08449e-05
8.56	1.00408e-05
8.565	8.42407e-06
8.57	7.08509e-06
8.575	5.89197e-06
8.58	5.98574e-06
8.585	6.26505e-06
8.59	6.81519e-06
8.595	7.63351e-06
8.6	8.15288e-06
8.605	9.16724e-06
8.61	9.0487e-06
8.615	9.51382e-06
8.62	9.04844e-06
8.625	9.50748e-06
8.63	9.36079e-06
8.635	1.00531e-05
8.64	1.01772e-05
8.645	1.09119e-05
8.65	1.02487e-05
8.655	9.68045e-06
8.66	7.45492e-06
8.665	6.82512e-06
8.67	5.81407e-06
8.675	6.42489e-06
8.68	6.48113e-06
8.685	7.62331e-06
8.69	8.40502e-06
8.695	9.25579e-06
8.7	9.70386e-06
8.705	9.50715e-06
8.71	9.2875e-06
8.715	8.88156e-06
8.72	8.85655e-06
8.725	9.00818e-06
8.73	9.63798e-06
8.735	1.00231e-05
8.74	1.03975e-05
8.745	9.60703e-06
8.75	8.50087e-06
8.755	7.48834e-06
8.76	7.77713e-06
8.765	7.65005e-06
8.77	8.76684e-06
8.775	9.37764e-06
8.78	1.09532e-05
8.785	1.1891e-05
8.79	1.30851e-05
8.795	1.34756e-05
8.8	1.43978e-05
8.805	1.46014e-05
8.81	1.57311e-05
8.815	1.63259e-05
8.82	1.7711e-05
8.825	1.82423e-05
8.83	1.88129e-05
8.835	1.73329e-05
8.84	1.54637e-05
8.845	1.29076e-05
8.85	1.18079e-05
8.855	1.02437e-05
8.86	9.86327e-06
8.865	9.22059e-06
8.87	9.46778e-06
8.875	9.579e-06
8.88	9.39874e-06
8.885	9.25686e-06
8.89	8.85758e-06
8.895	8.96881e-06
8.9	8.91347e-06
8.905	9.42803e-06
8.91	9.62066e-06
8.915	1.0239e-05
8.92	1.00014e-05
8.925	9.2307e-06
8.93	7.44103e-06
8.935	6.21665e-06
8.94	5.1558e-06
8.945	5.67412e-06
8.95	5.57645e-06
8.955	6.71214e-06
8.96	7.55902e-06
8.965	8.67321e-06
8.97	9.23678e-06
8.975	9.27844e-06
8.98	9.07076e-06
8.985	8.82417e-06
8.99	8.78921e-06
8.995	8.94007e-06
9	9.47062e-06
9.005	1.0023e-05
9.01	1.02578e-05
9.015	9.62966e-06
9.02	8.13044e-06
9.025	6.93739e-06
9.03	6.75776e-06
9.035	6.69136e-06
9.04	7.73919e-06
9.045	8.34222e-06
9.05	9.90141e-06
9.055	1.08892e-05
9.06	1.19561e-05
9.065	1.20651e-05
9.07	1.27567e-05
9.075	1.27313e-05
9.08	1.37694e-05
9.085	1.43683e-05
9.09	1.59785e-05
9.095	1.68854e-05
9.1	1.82187e-05
9.105	1.77183e-05
9.11	1.69249e-05
9.115	1.52812e-05
9.12	1.49546e-05
9.125	1.38184e-05
9.13	1.34781e-05
9.135	1.25614e-05
9.14	1.22595e-05
9.145	1.16805e-05
9.15	1.0817e-05
9.155	9.92039e-06
9.16	8.69485e-06
9.165	7.99416e-06
9.17	7.52421e-06
9.175	7.62097e-06
9.18	7.81172e-06
9.185	8.36134e-06
9.19	8.30189e-06
9.195	7.82938e-06
9.2	6.24007e-06
9.205	5.08399e-06
9.21	4.04561e-06
9.215	4.42011e-06
9.22	4.07088e-06
9.225	4.81539e-06
9.23	5.20822e-06
9.235	6.22519e-06
9.24	6.80599e-06
9.245	7.13692e-06
9.25	7.18708e-06
9.255	7.37956e-06
9.26	7.48295e-06
9.265	7.99794e-06
9.27	8.59087e-06
9.275	9.38318e-06
9.28	9.78318e-06
9.285	9.53379e-06
9.29	7.96634e-06
9.295	6.75615e-06
9.3	6.16459e-06
9.305	5.96034e-06
9.31	6.56425e-06
9.315	6.79336e-06
9.32	8.03365e-06
9.325	8.82715e-06
9.33	9.7917e-06
9.335	9.87783e-06
9.34	1.03423e-05
9.345	1.01536e-05
9.35	1.08066e-05
9.355	1.09682e-05
9.36	1.19983e-05
9.365	1.2583e-05
9.37	1.35201e-05
9.375	1.29827e-05
9.38	1.24812e-05
9.385	1.12375e-05
9.39	1.18911e-05
9.395	1.22495e-05
9.4	1.38306e-05
9.405	1.50417e-05
9.41	1.7046e-05
9.415	1.88248e-05
9.42	2.0177e-05
9.425	2.13577e-05
9.43	2.18403e-05
9.435	2.2532e-05
9.44	2.27844e-05
9.445	2.35469e-05
9.45	2.39936e-05
9.455	2.5015e-05
9.46	2.51301e-05
9.465	2.49806e-05
9.47	2.32422e-05
9.475	2.18687e-05
9.48	2.01972e-05
9.485	1.99237e-05
9.49	1.8785e-05
9.495	1.85518e-05
9.5	1.76464e-05
9.505	1.72568e-05
9.51	1.61698e-05
9.515	1.49736e-05
9.52	1.30704e-05
9.525	1.18424e-05
9.53	1.03765e-05
9.535	9.85791e-06
9.54	9.49156e-06
9.545	1.01718e-05
9.55	1.04769e-05
9.555	1.06254e-05
9.56	9.36778e-06
9.565	8.56938e-06
9.57	7.99144e-06
9.575	8.48283e-06
9.58	9.04452e-06
9.585	9.88289e-06
9.59	1.11157e-05
9.595	1.19648e-05
9.6	1.31742e-05
9.605	1.33433e-05
9.61	1.39817e-05
9.615	1.38323e-05
9.62	1.4523e-05
9.625	1.46446e-05
9.63	1.55598e-05
9.635	1.58458e-05
9.64	1.63889e-05
9.645	1.53125e-05
9.65	1.41129e-05
9.655	1.1632e-05
9.66	1.08191e-05
9.665	9.6094e-06
9.67	9.67752e-06
9.675	9.28612e-06
9.68	9.79593e-06
9.685	1.0095e-05
9.69	1.02286e-05
9.695	1.02016e-05
9.7	9.61804e-06
9.705	9.32395e-06
9.71	8.97295e-06
9.715	9.09895e-06
9.72	9.42353e-06
9.725	1.01456e-05
9.73	1.05159e-05
9.735	1.06132e-05
9.74	9.55278e-06
9.745	8.55499e-06
9.75	7.79872e-06
9.755	8.35356e-06
9.76	8.32329e-06
9.765	9.52802e-06
9.77	1.02382e-05
9.775	1.18097e-05
9.78	1.27403e-05
9.785	1.38591e-05
9.79	1.40696e-05
9.795	1.50912e-05
9.8	1.53801e-05
9.805	1.65612e-05
9.81	1.71519e-05
9.815	1.84586e-05
9.82	1.88471e-05
9.825	1.87534e-05
9.83	1.66843e-05
9.835	1.46376e-05
9.84	1.22131e-05
9.845	1.12842e-05
9.85	9.94294e-06
9.855	9.7676e-06
9.86	9.40807e-06
9.865	9.71128e-06
9.87	9.9136e-06
9.875	9.6285e-06
9.88	9.62586e-06
9.885	9.2934e-06
9.89	9.4984e-06
9.895	9.45086e-06
9.9	1.00873e-05
9.905	1.01764e-05
9.91	1.07122e-05
9.915	1.0081e-05
9.92	9.08211e-06
9.925	7.18549e-06
9.93	6.52434e-06
9.935	5.71323e-06
9.94	6.42178e-06
9.945	6.60742e-06
9.95	7.82551e-06
9.955	8.6176e-06
9.96	9.35741e-06
9.965	9.74745e-06
9.97	9.45412e-06
9.975	9.28323e-06
9.98	8.92894e-06
9.985	9.0147e-06
9.99	9.28642e-06
9.995	9.96604e-06
10	1.03083e-05
10.005	1.04627e-05
10.01	9.44436e-06
10.015	8.27666e-06
10.02	7.40235e-06
10.025	7.88291e-06
10.03	7.80757e-06
10.035	8.96207e-06
10.04	9.6384e-06
10.045	1.11949e-05
10.05	1.20316e-05
10.055	1.31463e-05
10.06	1.33833e-05
10.065	1.43421e-05
10.07	1.46201e-05
10.075	1.5868e-05
10.08	1.656e-05
10.085	1.80894e-05
10.09	1.87634e-05
10.095	1.92979e-05
10.1	1.77313e-05
10.105	1.60047e-05
10.11	1.37111e-05
10.115	1.28124e-05
10.12	1.12847e-05
10.125	1.08213e-05
10.13	1.01572e-05
10.135	1.02385e-05
10.14	1.01375e-05
10.145	9.74712e-06
10.15	9.44446e-06
10.155	9.02586e-06
10.16	9.08473e-06
10.165	9.02482e-06
10.17	9.55558e-06
10.175	9.74565e-06
10.18	1.03102e-05
10.185	9.87276e-06
10.19	8.85257e-06
10.195	7.014e-06
10.2	6.06228e-06
10.205	5.19939e-06
10.21	5.84995e-06
10.215	5.95741e-06
10.22	7.21903e-06
10.225	8.04529e-06
10.23	9.02742e-06
10.235	9.40308e-06
10.24	9.38721e-06
10.245	9.1199e-06
10.25	8.8749e-06
10.255	8.81243e-06
10.26	9.138e-06
10.265	9.62411e-06
10.27	1.01679e-05
10.275	1.01129e-05
10.28	9.31743e-06
10.285	7.71992e-06
10.29	6.76396e-06
10.295	6.7515e-06
10.3	6.81647e-06
10.305	7.88273e-06
10.31	8.54255e-06
10.315	1.00069e-05
10.32	1.08821e-05
10.325	1.18228e-05
10.33	1.1829e-05
10.335	1.25653e-05
10.34	1.26618e-05
10.345	1.38036e-05
10.35	1.44837e-05
10.355	1.62039e-05
10.36	1.72912e-05
10.365	1.86091e-05
10.37	1.79406e-05
10.375	1.71384e-05
10.38	1.56633e-05
10.385	1.54345e-05
10.39	1.43616e-05
10.395	1.40583e-05
10.4	1.32058e-05
10.405	1.28908e-05
10.41	1.23284e-05
10.415	1.13605e-05
10.42	1.04343e-05
10.425	9.37001e-06
10.43	8.95938e-06
10.435	8.61775e-06
10.44	8.96214e-06
10.445	9.08817e-06
10.45	9.68116e-06
10.455	9.44802e-06
10.46	8.61541e-06
10.465	6.78642e-06
10.47	5.57745e-06
10.475	4.48303e-06
10.48	4.93005e-06
10.485	4.77762e-06
10.49	5.86026e-06
10.495	6.71398e-06
10.5	7.95389e-06
10.505	8.56992e-06
10.51	8.78927e-06
10.515	8.70949e-06
10.52	8.60663e-06
10.525	8.59732e-06
10.53	8.90737e-06
10.535	9.44665e-06
10.54	1.00084e-05
10.545	1.01414e-05
10.55	9.48979e-06
10.555	7.85037e-06
10.56	6.6986e-06
10.565	6.39884e-06
10.57	6.25551e-06
10.575	7.13482e-06
10.58	7.67663e-06
10.585	9.21082e-06
10.59	1.04226e-05
10.595	1.16844e-05
10.6	1.21302e-05
10.605	1.29978e-05
10.61	1.31824e-05
10.615	1.41324e-05
10.62	1.46406e-05
10.625	1.59282e-05
10.63	1.67277e-05
10.635	1.77297e-05
10.64	1.70868e-05
10.645	1.6417e-05
10.65	1.5112e-05
10.655	1.53709e-05
10.66	1.49594e-05
10.665	1.53248e-05
10.67	1.49281e-05
10.675	1.49184e-05
10.68	1.43374e-05
10.685	1.33182e-05
10.69	1.20882e-05
10.695	1.06795e-05
10.7	9.50235e-06
10.705	8.64385e-06
10.71	8.30989e-06
10.715	8.33113e-06
10.72	8.78711e-06
10.725	8.92767e-06
10.73	8.31166e-06
10.735	7.06106e-06
10.74	5.97257e-06
10.745	5.34384e-06
10.75	5.83801e-06
10.755	5.81185e-06
10.76	6.94867e-06
10.765	7.56816e-06
10.77	8.8168e-06
10.775	9.17474e-06
10.78	9.63448e-06
10.785	9.24628e-06
10.79	9.52428e-06
10.795	9.33465e-06
10.8	9.84659e-06
10.805	1.00203e-05
10.81	1.0838e-05
10.815	1.06886e-05
10.82	1.03783e-05
10.825	8.55658e-06
10.83	7.73143e-06
10.835	6.80148e-06
10.84	7.26167e-06
10.845	7.27591e-06
10.85	8.27821e-06
10.855	9.10722e-06
10.86	1.02481e-05
10.865	1.11975e-05
10.87	1.15501e-05
10.875	1.21213e-05
10.88	1.25748e-05
10.885	1.35297e-05
10.89	1.44536e-05
10.895	1.58743e-05
10.9	1.70329e-05
10.905	1.84248e-05
10.91	1.85551e-05
10.915	1.83904e-05
10.92	1.7817e-05
10.925	1.86384e-05
10.93	1.89316e-05
10.935	2.02678e-05
10.94	2.07958e-05
10.945	2.18106e-05
10.95	2.18618e-05
10.955	2.16158e-05
10.96	2.02023e-05
10.965	1.89032e-05
10.97	1.68719e-05
10.975	1.5669e-05
10.98	1.4208e-05
10.985	1.34969e-05
10.99	1.24537e-05
10.995	1.17324e-05
11	9.905e-06
11.005	7.76392e-06
11.01	5.16476e-06
11.015	4.3226e-06
11.02	3.82302e-06
11.025	4.18866e-06
11.03	4.62797e-06
11.035	5.37422e-06
11.04	6.46321e-06
11.045	6.59852e-06
11.05	7.17831e-06
11.055	6.57468e-06
11.06	7.02717e-06
11.065	6.76035e-06
11.07	7.52246e-06
11.075	7.64945e-06
11.08	8.62794e-06
11.085	8.35446e-06
11.09	8.28665e-06
11.095	6.44281e-06
11.1	5.39054e-06
11.105	4.17742e-06
11.11	4.66172e-06
11.115	4.3873e-06
11.12	5.19838e-06
11.125	5.56008e-06
11.13	6.46717e-06
11.135	6.96513e-06
11.14	6.9964e-06
11.145	6.93761e-06
11.15	6.84512e-06
11.155	6.9841e-06
11.16	7.41794e-06
11.165	8.10488e-06
11.17	8.89781e-06
11.175	9.55037e-06
11.18	9.27903e-06
11.185	7.9925e-06
11.19	6.60781e-06
11.195	6.06124e-06
11.2	5.72574e-06
11.205	6.45364e-06
11.21	6.69854e-06
11.215	8.03582e-06
11.22	8.96144e-06
11.225	1.00266e-05
11.23	1.02993e-05
11.235	1.08522e-05
11.24	1.08104e-05
11.245	1.15588e-05
11.25	1.19369e-05
11.255	1.30535e-05
11.26	1.39047e-05
11.265	1.51266e-05
11.27	1.51888e-05
11.275	1.49849e-05
11.28	1.41642e-05
11.285	1.49373e-05
11.29	1.57044e-05
11.295	1.732e-05
11.3	1.87696e-05
11.305	2.05328e-05
11.31	2.22362e-05
11.315	2.32442e-05
11.32	2.4026e-05
11.325	2.38502e-05
11.33	2.36712e-05
11.335	2.27492e-05
11.34	2.21057e-05
11.345	2.08973e-05
11.35	2.016e-05
11.355	1.85018e-05
11.36	1.67534e-05
11.365	1.33871e-05
11.37	1.05556e-05
11.375	7.64715e-06
11.38	6.65271e-06
11.385	5.38879e-06
11.39	5.66291e-06
11.395	5.71196e-06
11.4	6.54813e-06
11.405	6.80145e-06
11.41	7.058e-06
11.415	6.55902e-06
11.42	6.7258e-06
11.425	6.38508e-06
11.43	6.86054e-06
11.435	7.15643e-06
11.44	8.22648e-06
11.445	8.73845e-06
11.45	9.20729e-06
11.455	8.12325e-06
11.46	7.38471e-06
11.465	6.68082e-06
11.47	7.26497e-06
11.475	7.75342e-06
11.48	8.85621e-06
11.485	1.01793e-05
11.49	1.13712e-05
11.495	1.28941e-05
11.5	1.31161e-05
11.505	1.40196e-05
11.51	1.40274e-05
11.515	1.494e-05
11.52	1.52951e-05
11.525	1.65251e-05
11.53	1.70126e-05
11.535	1.81642e-05
11.54	1.76987e-05
11.545	1.71235e-05
11.55	1.52357e-05
11.555	1.48887e-05
11.56	1.41674e-05
11.565	1.47918e-05
11.57	1.49603e-05
11.575	1.61327e-05
11.58	1.69757e-05
11.585	1.76189e-05
11.59	1.77839e-05
11.595	1.73136e-05
11.6	1.67686e-05
11.605	1.61048e-05
11.61	1.57496e-05
11.615	1.55158e-05
11.62	1.56291e-05
11.625	1.55853e-05
11.63	1.51029e-05
11.635	1.35809e-05
11.64	1.19043e-05
11.645	1.06629e-05
11.65	1.07003e-05
11.655	1.03265e-05
11.66	1.11808e-05
11.665	1.15456e-05
11.67	1.28079e-05
11.675	1.33677e-05
11.68	1.40192e-05
11.685	1.40818e-05
11.69	1.4611e-05
11.695	1.46114e-05
11.7	1.5551e-05
11.705	1.61482e-05
11.71	1.74857e-05
11.715	1.80057e-05
11.72	1.8437e-05
11.725	1.70414e-05
11.73	1.55558e-05
11.735	1.34651e-05
11.74	1.26413e-05
11.745	1.10093e-05
11.75	1.02476e-05
11.755	9.10137e-06
11.76	8.76907e-06
11.765	8.20357e-06
11.77	7.56632e-06
11.775	7.00077e-06
11.78	6.44431e-06
11.785	6.28473e-06
11.79	6.4059e-06
11.795	6.9041e-06
11.8	7.65049e-06
11.805	8.39373e-06
11.81	8.59156e-06
11.815	7.71351e-06
11.82	6.41724e-06
11.825	5.62897e-06
11.83	5.28332e-06
11.835	5.93066e-06
11.84	6.10681e-06
11.845	7.31847e-06
11.85	8.09505e-06
11.855	9.18761e-06
11.86	9.40461e-06
11.865	9.75095e-06
11.87	9.34751e-06
11.875	9.71435e-06
11.88	9.57481e-06
11.885	1.01387e-05
11.89	1.03622e-05
11.895	1.10634e-05
11.9	1.08032e-05
11.905	1.01486e-05
11.91	8.29685e-06
11.915	7.79205e-06
11.92	7.39689e-06
11.925	7.96601e-06
11.93	8.28682e-06
11.935	9.08963e-06
11.94	1.02073e-05
11.945	1.0931e-05
11.95	1.21035e-05
11.955	1.21289e-05
11.96	1.31075e-05
11.965	1.35748e-05
11.97	1.48963e-05
11.975	1.57478e-05
11.98	1.74834e-05
11.985	1.83994e-05
11.99	1.98292e-05
11.995	1.94253e-05
12	1.94218e-05
12.005	1.87949e-05
12.01	1.98345e-05
12.015	1.99763e-05
12.02	2.10503e-05
12.025	2.11593e-05
12.03	2.16406e-05
12.035	2.10967e-05
12.04	2.02885e-05
12.045	1.83768e-05
12.05	1.69203e-05
12.055	1.47405e-05
12.06	1.35968e-05
12.065	1.21224e-05
12.07	1.16527e-05
12.075	1.08596e-05
12.08	1.02929e-05
12.085	8.40479e-06
12.09	6.69337e-06
12.095	5.01513e-06
12.1	5.04877e-06
12.105	4.88074e-06
12.11	5.68452e-06
12.115	6.24104e-06
12.12	7.31851e-06
12.125	8.1817e-06
12.13	8.46587e-06
12.135	8.7268e-06
12.14	8.55693e-06
12.145	8.81552e-06
12.15	8.87173e-06
12.155	9.4886e-06
12.16	9.74135e-06
12.165	1.03951e-05
12.17	1.00924e-05
12.175	9.24064e-06
12.18	7.35668e-06
12.185	6.17268e-06
12.19	5.11863e-06
12.195	5.63193e-06
12.2	5.53648e-06
12.205	6.65424e-06
12.21	7.48805e-06
12.215	8.5904e-06
12.22	9.068e-06
12.225	9.191e-06
12.23	8.80571e-06
12.235	8.6984e-06
12.24	8.55423e-06
12.245	8.9053e-06
12.25	9.32817e-06
12.255	1.00292e-05
12.26	1.0093e-05
12.265	9.57849e-06
12.27	7.87466e-06
12.275	6.9963e-06
12.28	6.75589e-06
12.285	6.97778e-06
12.29	8.00685e-06
12.295	8.77246e-06
12.3	1.03668e-05
12.305	1.14613e-05
12.31	1.25045e-05
12.315	1.26428e-05
12.32	1.33933e-05
12.325	1.34747e-05
12.33	1.45864e-05
12.335	1.52728e-05
12.34	1.68973e-05
12.345	1.77385e-05
12.35	1.88594e-05
12.355	1.80287e-05
12.36	1.68563e-05
12.365	1.48091e-05
12.37	1.40698e-05
12.375	1.25161e-05
12.38	1.18574e-05
12.385	1.06802e-05
12.39	1.02988e-05
12.395	9.70106e-06
12.4	8.97265e-06
12.405	8.12785e-06
12.41	7.2054e-06
12.415	6.72698e-06
12.42	6.42972e-06
12.425	6.66224e-06
12.43	6.92329e-06
12.435	7.66422e-06
12.44	7.73102e-06
12.445	7.27446e-06
12.45	5.85717e-06
12.455	4.90363e-06
12.46	4.124e-06
12.465	4.77898e-06
12.47	4.81221e-06
12.475	5.9923e-06
12.48	6.6606e-06
12.485	7.93904e-06
12.49	8.33015e-06
12.495	8.80481e-06
12.5	8.45584e-06
12.505	8.70265e-06
12.51	8.56198e-06
12.515	9.05951e-06
12.52	9.31779e-06
12.525	1.00897e-05
12.53	9.97658e-06
12.535	9.5655e-06
12.54	7.72676e-06
12.545	6.63483e-06
12.55	5.65832e-06
12.555	5.9401e-06
12.56	6.05934e-06
12.565	6.85954e-06
12.57	7.85996e-06
12.575	8.73789e-06
12.58	9.69833e-06
12.585	9.5898e-06
12.59	9.91398e-06
12.595	9.68694e-06
12.6	1.03663e-05
12.605	1.09208e-05
12.61	1.25781e-05
12.615	1.37436e-05
12.62	1.5659e-05
12.625	1.56374e-05
12.63	1.58225e-05
12.635	1.50494e-05
12.64	1.61499e-05
12.645	1.66931e-05
12.65	1.83623e-05
12.655	1.95376e-05
12.66	2.12641e-05
12.665	2.25276e-05
12.67	2.30565e-05
12.675	2.28286e-05
12.68	2.17866e-05
12.685	2.03685e-05
12.69	1.86241e-05
12.695	1.69784e-05
12.7	1.5268e-05
12.705	1.38945e-05
12.71	1.22414e-05
12.715	1.01842e-05
12.72	7.52773e-06
12.725	5.34775e-06
12.73	4.00171e-06
12.735	4.01082e-06
12.74	3.63626e-06
12.745	4.38012e-06
12.75	4.68968e-06
12.755	5.67654e-06
12.76	5.98063e-06
12.765	6.37156e-06
12.77	6.08145e-06
12.775	6.36848e-06
12.78	6.20395e-06
12.785	6.77847e-06
12.79	7.15831e-06
12.795	8.17834e-06
12.8	8.48417e-06
12.805	8.42216e-06
12.81	6.95987e-06
12.815	5.96349e-06
12.82	5.22448e-06
12.825	5.50424e-06
12.83	5.87427e-06
12.835	6.55255e-06
12.84	7.63032e-06
12.845	8.37992e-06
12.85	9.2205e-06
12.855	8.99679e-06
12.86	9.29786e-06
12.865	8.80771e-06
12.87	9.28515e-06
12.875	9.26663e-06
12.88	1.01123e-05
12.885	1.03556e-05
12.89	1.11549e-05
12.895	1.03342e-05
12.9	9.66272e-06
12.905	7.89395e-06
12.91	7.96471e-06
12.915	7.5922e-06
12.92	8.42113e-06
12.925	8.67541e-06
12.93	9.9114e-06
12.935	1.08178e-05
12.94	1.18982e-05
12.945	1.2393e-05
12.95	1.31464e-05
12.955	1.35665e-05
12.96	1.46065e-05
12.965	1.54699e-05
12.97	1.68228e-05
12.975	1.80072e-05
12.98	1.92934e-05
12.985	1.95246e-05
12.99	1.93118e-05
12.995	1.85035e-05
13	1.88713e-05
13.005	1.94816e-05
13.01	2.03555e-05
13.015	2.12221e-05
13.02	2.16698e-05
13.025	2.2289e-05
13.03	2.14872e-05
13.035	2.09163e-05
13.04	1.87014e-05
13.045	1.74213e-05
13.05	1.56916e-05
13.055	1.48008e-05
13.06	1.34467e-05
13.065	1.31987e-05
13.07	1.20778e-05
13.075	1.13918e-05
13.08	9.0688e-06
13.085	7.46202e-06
13.09	5.96969e-06
13.095	6.33969e-06
13.1	6.11331e-06
13.105	7.06969e-06
13.11	7.57825e-06
13.115	8.63281e-06
13.12	9.30932e-06
13.125	9.51453e-06
13.13	9.64412e-06
13.135	9.56332e-06
13.14	9.89107e-06
13.145	9.98605e-06
13.15	1.05304e-05
13.155	1.0734e-05
13.16	1.10764e-05
13.165	1.03761e-05
13.17	9.10169e-06
13.175	7.38193e-06
13.18	6.68124e-06
13.185	6.14526e-06
13.19	6.85982e-06
13.195	7.03456e-06
13.2	8.14167e-06
13.205	8.89542e-06
13.21	9.62531e-06
13.215	9.66952e-06
13.22	9.59028e-06
13.225	9.02709e-06
13.23	8.93992e-06
13.235	8.84119e-06
13.24	9.33738e-06
13.245	9.9144e-06
13.25	1.06554e-05
13.255	1.05869e-05
13.26	9.89216e-06
13.265	8.55459e-06
13.27	8.17401e-06
13.275	8.40036e-06
13.28	8.7505e-06
13.285	9.88019e-06
13.29	1.06574e-05
13.295	1.23369e-05
13.3	1.33726e-05
13.305	1.45611e-05
13.31	1.46828e-05
13.315	1.56221e-05
13.32	1.56677e-05
13.325	1.67585e-05
13.33	1.69776e-05
13.335	1.80649e-05
13.34	1.77511e-05
13.345	1.75503e-05
13.35	1.50679e-05
13.355	1.30495e-05
13.36	1.04834e-05
13.365	9.75044e-06
13.37	8.41157e-06
13.375	8.44992e-06
13.38	8.16249e-06
13.385	8.74085e-06
13.39	9.04563e-06
13.395	9.06835e-06
13.4	8.81599e-06
13.405	8.81098e-06
13.41	8.73513e-06
13.415	8.98167e-06
13.42	9.3031e-06
13.425	9.83746e-06
13.43	1.0084e-05
13.435	9.8957e-06
13.44	8.37239e-06
13.445	6.81417e-06
13.45	5.56693e-06
13.455	5.21018e-06
13.46	5.48229e-06
13.465	5.75206e-06
13.47	6.9673e-06
13.475	7.75012e-06
13.48	8.9077e-06
13.485	9.02413e-06
13.49	9.32757e-06
13.495	8.65578e-06
13.5	8.81711e-06
13.505	8.44022e-06
13.51	9.12609e-06
13.515	9.39333e-06
13.52	1.03705e-05
13.525	9.86584e-06
13.53	9.20215e-06
13.535	7.31025e-06
13.54	6.84652e-06
13.545	6.1913e-06
13.55	6.97278e-06
13.555	7.33832e-06
13.56	8.77085e-06
13.565	9.94545e-06
13.57	1.11768e-05
13.575	1.19637e-05
13.58	1.21783e-05
13.585	1.25436e-05
13.59	1.28878e-05
13.595	1.37494e-05
13.6	1.47047e-05
13.605	1.59853e-05
13.61	1.7135e-05
13.615	1.78289e-05
13.62	1.73851e-05
13.625	1.62209e-05
13.63	1.51485e-05
13.635	1.49014e-05
13.64	1.39867e-05
13.645	1.39042e-05
13.65	1.30022e-05
13.655	1.28365e-05
13.66	1.1997e-05
13.665	1.12925e-05
13.67	9.76117e-06
13.675	9.01632e-06
13.68	7.87056e-06
13.685	7.83928e-06
13.69	7.53843e-06
13.695	8.06418e-06
13.7	8.1772e-06
13.705	8.41168e-06
13.71	7.07793e-06
13.715	5.74964e-06
13.72	4.21299e-06
13.725	4.15773e-06
13.73	3.79893e-06
13.735	4.24698e-06
13.74	4.69713e-06
13.745	5.52756e-06
13.75	6.53914e-06
13.755	6.82904e-06
13.76	7.43365e-06
13.765	7.24172e-06
13.77	7.60939e-06
13.775	7.62222e-06
13.78	8.43255e-06
13.785	8.63913e-06
13.79	9.80245e-06
13.795	9.51237e-06
13.8	9.26987e-06
13.805	7.39689e-06
13.81	6.73154e-06
13.815	5.7741e-06
13.82	6.3621e-06
13.825	6.33934e-06
13.83	7.40788e-06
13.835	8.23255e-06
13.84	9.21986e-06
13.845	9.89395e-06
13.85	9.99669e-06
13.855	1.02785e-05
13.86	1.04019e-05
13.865	1.09548e-05
13.87	1.14386e-05
13.875	1.2245e-05
13.88	1.29079e-05
13.885	1.33282e-05
13.89	1.27597e-05
13.895	1.17938e-05
13.9	1.12152e-05
13.905	1.18098e-05
13.91	1.24037e-05
13.915	1.41164e-05
13.92	1.53886e-05
13.925	1.74678e-05
13.93	1.9012e-05
13.935	2.04873e-05
13.94	2.11673e-05
13.945	2.19618e-05
13.95	2.2082e-05
13.955	2.28116e-05
13.96	2.31816e-05
13.965	2.4189e-05
13.97	2.46946e-05
13.975	2.5184e-05
13.98	2.42238e-05
13.985	2.29333e-05
13.99	2.10909e-05
13.995	2.04902e-05
14	1.97548e-05
14.005	1.93566e-05
14.01	1.88891e-05
14.015	1.82861e-05
14.02	1.7838e-05
14.025	1.62371e-05
14.03	1.50823e-05
14.035	1.29485e-05
14.04	1.18219e-05
14.045	1.03124e-05
14.05	9.96035e-06
14.055	9.56704e-06
14.06	1.02327e-05
14.065	9.99797e-06
14.07	9.98368e-06
14.075	8.46019e-06
14.08	7.93439e-06
14.085	7.32163e-06
14.09	8.27758e-06
14.095	8.49273e-06
14.1	9.88375e-06
14.105	1.0651e-05
14.11	1.20629e-05
14.115	1.26104e-05
14.12	1.33003e-05
14.125	1.31769e-05
14.13	1.38104e-05
14.135	1.39444e-05
14.14	1.47637e-05
14.145	1.50961e-05
14.15	1.59201e-05
14.155	1.58969e-05
14.16	1.53132e-05
14.165	1.30183e-05
14.17	1.17354e-05
14.175	1.01484e-05
14.18	1.00028e-05
14.185	9.34428e-06
14.19	9.74918e-06
14.195	9.92556e-06
14.2	1.03708e-05
14.205	1.04637e-05
14.21	1.00272e-05
14.215	9.61202e-06
14.22	9.09173e-06
14.225	9.01973e-06
14.23	9.10125e-06
14.235	9.7304e-06
14.24	1.01646e-05
14.245	1.07311e-05
14.25	1.0152e-05
14.255	9.12875e-06
14.26	7.95752e-06
14.265	8.09161e-06
14.27	7.92222e-06
14.275	9.0274e-06
14.28	9.59962e-06
14.285	1.11652e-05
14.29	1.21854e-05
14.295	1.34428e-05
14.3	1.38733e-05
14.305	1.47284e-05
14.31	1.49446e-05
14.315	1.60503e-05
14.32	1.66237e-05
14.325	1.78917e-05
14.33	1.84916e-05
14.335	1.91623e-05
14.34	1.7906e-05
14.345	1.60353e-05
14.35	1.33108e-05
14.355	1.18636e-05
14.36	1.00547e-05
14.365	9.25511e-06
14.37	8.29083e-06
14.375	8.1635e-06
14.38	8.0608e-06
14.385	7.74928e-06
14.39	7.44539e-06
14.395	6.84111e-06
14.4	6.61816e-06
14.405	6.44722e-06
14.41	6.6984e-06
14.415	7.05694e-06
14.42	7.66835e-06
14.425	7.83067e-06
14.43	7.40194e-06
14.435	5.99006e-06
14.44	4.73762e-06
14.445	3.93062e-06
14.45	4.38852e-06
14.455	4.22268e-06
14.46	5.29488e-06
14.465	5.77959e-06
14.47	7.03622e-06
14.475	7.37558e-06
14.48	7.7977e-06
14.485	7.3638e-06
14.49	7.55265e-06
14.495	7.12852e-06
14.5	7.73079e-06
