0	0
0.005	0
0.01	0
0.015	0
0.02	5.21209e-07
0.025	1.51253e-06
0.03	2.0232e-06
0.035	2.02534e-06
0.04	1.96371e-06
0.045	1.89585e-06
0.05	1.83366e-06
0.055	1.77811e-06
0.06	1.72827e-06
0.065	1.683e-06
0.07	1.64138e-06
0.075	1.60275e-06
0.08	1.56666e-06
0.085	1.53278e-06
0.09	1.50091e-06
0.095	1.47093e-06
0.1	1.44272e-06
0.105	1.41621e-06
0.11	1.3913e-06
0.115	1.36788e-06
0.12	1.3459e-06
0.125	1.32529e-06
0.13	1.30591e-06
0.135	1.28773e-06
0.14	1.27064e-06
0.145	1.25456e-06
0.15	1.23943e-06
0.155	1.22526e-06
0.16	1.21169e-06
0.165	1.19906e-06
0.17	1.18686e-06
0.175	1.17547e-06
0.18	1.16447e-06
0.185	1.15389e-06
0.19	1.14367e-06
0.195	1.13368e-06
0.2	1.12388e-06
0.205	1.11417e-06
0.21	1.10447e-06
0.215	1.0947e-06
0.22	1.0848e-06
0.225	1.07473e-06
0.23	1.06446e-06
0.235	1.05399e-06
0.24	1.04336e-06
0.245	1.03262e-06
0.25	1.02185e-06
0.255	1.01115e-06
0.26	1.00067e-06
0.265	9.90525e-07
0.27	9.80847e-07
0.275	9.71776e-07
0.28	9.63437e-07
0.285	9.5595e-07
0.29	9.49382e-07
0.295	9.43775e-07
0.3	9.39216e-07
0.305	9.35708e-07
0.31	9.33252e-07
0.315	9.31846e-07
0.32	9.31494e-07
0.325	9.32171e-07
0.33	9.33881e-07
0.335	9.36571e-07
0.34	9.40236e-07
0.345	9.44787e-07
0.35	9.50072e-07
0.355	9.55899e-07
0.36	9.61982e-07
0.365	9.6795e-07
0.37	9.73459e-07
0.375	9.78147e-07
0.38	9.81581e-07
0.385	9.83476e-07
0.39	9.83681e-07
0.395	9.82226e-07
0.4	9.7936e-07
0.405	9.75421e-07
0.41	9.71274e-07
0.415	9.67192e-07
0.42	9.63972e-07
0.425	9.62221e-07
0.43	9.62094e-07
0.435	9.63989e-07
0.44	9.67578e-07
0.445	9.7272e-07
0.45	9.79066e-07
0.455	9.86004e-07
0.46	9.93495e-07
0.465	1.00169e-06
0.47	1.0106e-06
0.475	1.02027e-06
0.48	1.03057e-06
0.485	1.04253e-06
0.49	1.05572e-06
0.495	1.06974e-06
0.5	1.08394e-06
0.505	1.09745e-06
0.51	1.10938e-06
0.515	1.1178e-06
0.52	1.12355e-06
0.525	1.12561e-06
0.53	1.1233e-06
0.535	1.11698e-06
0.54	1.10712e-06
0.545	1.09466e-06
0.55	1.0814e-06
0.555	1.06932e-06
0.56	1.05876e-06
0.565	1.05005e-06
0.57	1.04436e-06
0.575	1.04113e-06
0.58	1.04019e-06
0.585	1.04051e-06
0.59	1.04264e-06
0.595	1.04566e-06
0.6	1.04917e-06
0.605	1.05367e-06
0.61	1.05838e-06
0.615	1.0642e-06
0.62	1.071e-06
0.625	1.0796e-06
0.63	1.09007e-06
0.635	1.10295e-06
0.64	1.11731e-06
0.645	1.13216e-06
0.65	1.14578e-06
0.655	1.15802e-06
0.66	1.16705e-06
0.665	1.17302e-06
0.67	1.17511e-06
0.675	1.17305e-06
0.68	1.16726e-06
0.685	1.15754e-06
0.69	1.14529e-06
0.695	1.13139e-06
0.7	1.11665e-06
0.705	1.10126e-06
0.71	1.08831e-06
0.715	1.07806e-06
0.72	1.07064e-06
0.725	1.06608e-06
0.73	1.06431e-06
0.735	1.06435e-06
0.74	1.06492e-06
0.745	1.06717e-06
0.75	1.07014e-06
0.755	1.07326e-06
0.76	1.07723e-06
0.765	1.08247e-06
0.77	1.08892e-06
0.775	1.09718e-06
0.78	1.10809e-06
0.785	1.11994e-06
0.79	1.13481e-06
0.795	1.1501e-06
0.8	1.16445e-06
0.805	1.1774e-06
0.81	1.18753e-06
0.815	1.1937e-06
0.82	1.19623e-06
0.825	1.19463e-06
0.83	1.18998e-06
0.835	1.18153e-06
0.84	1.17022e-06
0.845	1.15728e-06
0.85	1.14351e-06
0.855	1.13011e-06
0.86	1.1154e-06
0.865	1.10493e-06
0.87	1.09687e-06
0.875	1.0917e-06
0.88	1.08876e-06
0.885	1.08774e-06
0.89	1.08631e-06
0.895	1.08622e-06
0.9	1.08588e-06
0.905	1.08645e-06
0.91	1.08798e-06
0.915	1.09012e-06
0.92	1.09394e-06
0.925	1.09987e-06
0.93	1.10865e-06
0.935	1.12042e-06
0.94	1.13421e-06
0.945	1.14944e-06
0.95	1.16363e-06
0.955	1.17737e-06
0.96	1.18778e-06
0.965	1.19381e-06
0.97	1.19662e-06
0.975	1.19546e-06
0.98	1.19051e-06
0.985	1.18365e-06
0.99	1.17552e-06
0.995	1.16648e-06
1	1.15922e-06
1.005	1.15479e-06
1.01	1.15352e-06
1.015	1.15639e-06
1.02	1.16503e-06
1.025	1.17777e-06
1.03	1.19399e-06
1.035	1.21148e-06
1.04	1.22664e-06
1.045	1.23857e-06
1.05	1.24457e-06
1.055	1.24541e-06
1.06	1.24014e-06
1.065	1.23047e-06
1.07	1.21758e-06
1.075	1.20351e-06
1.08	1.19283e-06
1.085	1.18588e-06
1.09	1.18435e-06
1.095	1.18677e-06
1.1	1.19173e-06
1.105	1.19785e-06
1.11	1.20302e-06
1.115	1.20619e-06
1.12	1.20714e-06
1.125	1.20726e-06
1.13	1.20535e-06
1.135	1.19913e-06
1.14	1.19047e-06
1.145	1.17694e-06
1.15	1.16014e-06
1.155	1.14061e-06
1.16	1.11652e-06
1.165	1.09208e-06
1.17	1.06712e-06
1.175	1.04674e-06
1.18	1.03309e-06
1.185	1.02705e-06
1.19	1.02865e-06
1.195	1.03743e-06
1.2	1.05207e-06
1.205	1.07018e-06
1.21	1.09179e-06
1.215	1.11555e-06
1.22	1.14052e-06
1.225	1.16578e-06
1.23	1.19384e-06
1.235	1.2237e-06
1.24	1.2535e-06
1.245	1.28357e-06
1.25	1.31221e-06
1.255	1.33571e-06
1.26	1.35453e-06
1.265	1.3659e-06
1.27	1.37042e-06
1.275	1.36801e-06
1.28	1.36131e-06
1.285	1.34818e-06
1.29	1.32987e-06
1.295	1.3063e-06
1.3	1.27972e-06
1.305	1.25247e-06
1.31	1.22475e-06
1.315	1.20268e-06
1.32	1.18634e-06
1.325	1.18023e-06
1.33	1.18373e-06
1.335	1.19452e-06
1.34	1.21078e-06
1.345	1.22883e-06
1.35	1.24918e-06
1.355	1.2695e-06
1.36	1.29081e-06
1.365	1.31175e-06
1.37	1.3322e-06
1.375	1.35262e-06
1.38	1.372e-06
1.385	1.39213e-06
1.39	1.4111e-06
1.395	1.42795e-06
1.4	1.44218e-06
1.405	1.45102e-06
1.41	1.45446e-06
1.415	1.45038e-06
1.42	1.44128e-06
1.425	1.42705e-06
1.43	1.40965e-06
1.435	1.3885e-06
1.44	1.36363e-06
1.445	1.33578e-06
1.45	1.30625e-06
1.455	1.27756e-06
1.46	1.25028e-06
1.465	1.2293e-06
1.47	1.21461e-06
1.475	1.20971e-06
1.48	1.21364e-06
1.485	1.22392e-06
1.49	1.23892e-06
1.495	1.25543e-06
1.5	1.27369e-06
1.505	1.2917e-06
1.51	1.31048e-06
1.515	1.32885e-06
1.52	1.347e-06
1.525	1.36464e-06
1.53	1.38149e-06
1.535	1.39906e-06
1.54	1.41571e-06
1.545	1.43084e-06
1.55	1.44355e-06
1.555	1.4513e-06
1.56	1.45475e-06
1.565	1.45174e-06
1.57	1.44225e-06
1.575	1.42846e-06
1.58	1.41182e-06
1.585	1.39125e-06
1.59	1.3671e-06
1.595	1.33993e-06
1.6	1.31104e-06
1.605	1.28219e-06
1.61	1.2558e-06
1.615	1.23409e-06
1.62	1.21904e-06
1.625	1.2139e-06
1.63	1.21697e-06
1.635	1.22681e-06
1.64	1.24139e-06
1.645	1.2578e-06
1.65	1.27583e-06
1.655	1.29387e-06
1.66	1.31254e-06
1.665	1.33057e-06
1.67	1.34867e-06
1.675	1.36627e-06
1.68	1.38282e-06
1.685	1.39951e-06
1.69	1.41581e-06
1.695	1.43103e-06
1.7	1.44327e-06
1.705	1.45157e-06
1.71	1.45578e-06
1.715	1.45404e-06
1.72	1.44642e-06
1.725	1.43263e-06
1.73	1.41634e-06
1.735	1.3966e-06
1.74	1.37302e-06
1.745	1.34657e-06
1.75	1.31796e-06
1.755	1.28881e-06
1.76	1.26319e-06
1.765	1.23949e-06
1.77	1.223e-06
1.775	1.21632e-06
1.78	1.218e-06
1.785	1.22685e-06
1.79	1.24054e-06
1.795	1.25687e-06
1.8	1.27436e-06
1.805	1.29333e-06
1.81	1.31104e-06
1.815	1.32935e-06
1.82	1.34739e-06
1.825	1.36496e-06
1.83	1.38174e-06
1.835	1.39795e-06
1.84	1.41455e-06
1.845	1.42926e-06
1.85	1.44207e-06
1.855	1.45198e-06
1.86	1.45627e-06
1.865	1.45581e-06
1.87	1.44903e-06
1.875	1.43646e-06
1.88	1.42093e-06
1.885	1.40211e-06
1.89	1.37917e-06
1.895	1.35382e-06
1.9	1.32534e-06
1.905	1.29622e-06
1.91	1.26943e-06
1.915	1.24473e-06
1.92	1.22828e-06
1.925	1.21822e-06
1.93	1.21778e-06
1.935	1.22537e-06
1.94	1.23786e-06
1.945	1.25439e-06
1.95	1.27117e-06
1.955	1.28985e-06
1.96	1.30751e-06
1.965	1.32627e-06
1.97	1.34436e-06
1.975	1.36159e-06
1.98	1.37915e-06
1.985	1.39484e-06
1.99	1.41131e-06
1.995	1.42634e-06
2	1.43979e-06
2.005	1.45035e-06
2.01	1.45615e-06
2.015	1.45702e-06
2.02	1.45095e-06
2.025	1.44037e-06
2.03	1.4254e-06
2.035	1.4072e-06
2.04	1.38541e-06
2.045	1.36056e-06
2.05	1.3325e-06
2.055	1.30345e-06
2.06	1.27566e-06
2.065	1.25016e-06
2.07	1.23166e-06
2.075	1.21986e-06
2.08	1.21741e-06
2.085	1.22335e-06
2.09	1.23467e-06
2.095	1.2505e-06
2.1	1.26735e-06
2.105	1.28574e-06
2.11	1.30363e-06
2.115	1.32218e-06
2.12	1.34023e-06
2.125	1.35783e-06
2.13	1.37503e-06
2.135	1.391e-06
2.14	1.4076e-06
2.145	1.42305e-06
2.15	1.43714e-06
2.155	1.44865e-06
2.16	1.45523e-06
2.165	1.4576e-06
2.17	1.45377e-06
2.175	1.44357e-06
2.18	1.4293e-06
2.185	1.41232e-06
2.19	1.3915e-06
2.195	1.36721e-06
2.2	1.33995e-06
2.205	1.31116e-06
2.21	1.28263e-06
2.215	1.2568e-06
2.22	1.23593e-06
2.225	1.22185e-06
2.23	1.21764e-06
2.235	1.22141e-06
2.24	1.23173e-06
2.245	1.24656e-06
2.25	1.26312e-06
2.255	1.28122e-06
2.26	1.29925e-06
2.265	1.31782e-06
2.27	1.33572e-06
2.275	1.35366e-06
2.28	1.37107e-06
2.285	1.38729e-06
2.29	1.40365e-06
2.295	1.41953e-06
2.3	1.43427e-06
2.305	1.44605e-06
2.31	1.45387e-06
2.315	1.45759e-06
2.32	1.45549e-06
2.325	1.44762e-06
2.33	1.43358e-06
2.335	1.41716e-06
2.34	1.39732e-06
2.345	1.37365e-06
2.35	1.34716e-06
2.355	1.31853e-06
2.36	1.28944e-06
2.365	1.26396e-06
2.37	1.24047e-06
2.375	1.22425e-06
2.38	1.21781e-06
2.385	1.21972e-06
2.39	1.22868e-06
2.395	1.24246e-06
2.4	1.25882e-06
2.405	1.27633e-06
2.41	1.2953e-06
2.415	1.31298e-06
2.42	1.33125e-06
2.425	1.34924e-06
2.43	1.36676e-06
2.435	1.3835e-06
2.44	1.39954e-06
2.445	1.41599e-06
2.45	1.43055e-06
2.455	1.44322e-06
2.46	1.45298e-06
2.465	1.4571e-06
2.47	1.45654e-06
2.475	1.44967e-06
2.48	1.43703e-06
2.485	1.42145e-06
2.49	1.40258e-06
2.495	1.37961e-06
2.5	1.35424e-06
2.505	1.32576e-06
2.51	1.29664e-06
2.515	1.26985e-06
2.52	1.24517e-06
2.525	1.22879e-06
2.53	1.21872e-06
2.535	1.2183e-06
2.54	1.22588e-06
2.545	1.23834e-06
2.55	1.25488e-06
2.555	1.27166e-06
2.56	1.29034e-06
2.565	1.30799e-06
2.57	1.32675e-06
2.575	1.34483e-06
2.58	1.36205e-06
2.585	1.37959e-06
2.59	1.39524e-06
2.595	1.41165e-06
2.6	1.42667e-06
2.605	1.4401e-06
2.61	1.45065e-06
2.615	1.45643e-06
2.62	1.45731e-06
2.625	1.45123e-06
2.63	1.44065e-06
2.635	1.42569e-06
2.64	1.40749e-06
2.645	1.38572e-06
2.65	1.36087e-06
2.655	1.33283e-06
2.66	1.30375e-06
2.665	1.27595e-06
2.67	1.25044e-06
2.675	1.23193e-06
2.68	1.22011e-06
2.685	1.21764e-06
2.69	1.22355e-06
2.695	1.23489e-06
2.7	1.25068e-06
2.705	1.26752e-06
2.71	1.28589e-06
2.715	1.3038e-06
2.72	1.32235e-06
2.725	1.34038e-06
2.73	1.35799e-06
2.735	1.37517e-06
2.74	1.39112e-06
2.745	1.40773e-06
2.75	1.42316e-06
2.755	1.43723e-06
2.76	1.44874e-06
2.765	1.45532e-06
2.77	1.45771e-06
2.775	1.45386e-06
2.78	1.44368e-06
2.785	1.4294e-06
2.79	1.41244e-06
2.795	1.39164e-06
2.8	1.36735e-06
2.805	1.3401e-06
2.81	1.31132e-06
2.815	1.28276e-06
2.82	1.2569e-06
2.825	1.236e-06
2.83	1.22187e-06
2.835	1.2176e-06
2.84	1.22131e-06
2.845	1.23159e-06
2.85	1.2464e-06
2.855	1.26294e-06
2.86	1.28105e-06
2.865	1.29907e-06
2.87	1.31763e-06
2.875	1.33556e-06
2.88	1.35351e-06
2.885	1.37091e-06
2.89	1.38714e-06
2.895	1.40351e-06
2.9	1.41939e-06
2.905	1.43415e-06
2.91	1.44594e-06
2.915	1.4538e-06
2.92	1.45755e-06
2.925	1.45551e-06
2.93	1.44766e-06
2.935	1.43365e-06
2.94	1.41724e-06
2.945	1.39742e-06
2.95	1.37376e-06
2.955	1.34729e-06
2.96	1.31867e-06
2.965	1.28958e-06
2.97	1.26408e-06
2.975	1.24056e-06
2.98	1.22429e-06
2.985	1.21781e-06
2.99	1.21966e-06
2.995	1.22862e-06
3	1.24238e-06
3.005	1.25872e-06
3.01	1.27623e-06
3.015	1.29521e-06
3.02	1.31289e-06
3.025	1.33115e-06
3.03	1.34914e-06
3.035	1.36666e-06
3.04	1.3834e-06
3.045	1.39944e-06
3.05	1.41591e-06
3.055	1.43047e-06
3.06	1.44317e-06
3.065	1.45293e-06
3.07	1.45709e-06
3.075	1.45656e-06
3.08	1.4497e-06
3.085	1.43785e-06
3.09	1.42155e-06
3.095	1.40273e-06
3.1	1.37973e-06
3.105	1.35439e-06
3.11	1.32592e-06
3.115	1.2968e-06
3.12	1.26997e-06
3.125	1.24528e-06
3.13	1.22885e-06
3.135	1.21874e-06
3.14	1.21825e-06
3.145	1.22583e-06
3.15	1.23827e-06
3.155	1.2548e-06
3.16	1.27156e-06
3.165	1.29023e-06
3.17	1.30788e-06
3.175	1.32664e-06
3.18	1.34472e-06
3.185	1.36194e-06
3.19	1.37949e-06
3.195	1.39516e-06
3.2	1.41158e-06
3.205	1.42658e-06
3.21	1.44003e-06
3.215	1.45059e-06
3.22	1.45641e-06
3.225	1.45731e-06
3.23	1.45125e-06
3.235	1.44071e-06
3.24	1.42578e-06
3.245	1.4076e-06
3.25	1.38584e-06
3.255	1.36101e-06
3.26	1.33298e-06
3.265	1.30389e-06
3.27	1.27609e-06
3.275	1.25054e-06
3.28	1.23201e-06
3.285	1.22014e-06
3.29	1.21764e-06
3.295	1.22352e-06
3.3	1.23483e-06
3.305	1.25061e-06
3.31	1.26745e-06
3.315	1.28581e-06
3.32	1.30372e-06
3.325	1.32227e-06
3.33	1.3403e-06
3.335	1.35792e-06
3.34	1.37507e-06
3.345	1.39104e-06
3.35	1.40767e-06
3.355	1.4231e-06
3.36	1.43718e-06
3.365	1.4487e-06
3.37	1.45531e-06
3.375	1.45772e-06
3.38	1.4539e-06
3.385	1.44374e-06
3.39	1.42947e-06
3.395	1.41254e-06
3.4	1.39177e-06
3.405	1.36749e-06
3.41	1.34025e-06
3.415	1.31147e-06
3.42	1.2829e-06
3.425	1.25701e-06
3.43	1.23606e-06
3.435	1.22187e-06
3.44	1.21753e-06
3.445	1.2212e-06
3.45	1.23145e-06
3.455	1.24626e-06
3.46	1.26278e-06
3.465	1.28089e-06
3.47	1.29892e-06
3.475	1.31748e-06
3.48	1.33541e-06
3.485	1.35338e-06
3.49	1.3708e-06
3.495	1.38705e-06
3.5	1.40339e-06
3.505	1.4193e-06
3.51	1.43407e-06
3.515	1.44588e-06
3.52	1.45376e-06
3.525	1.45753e-06
3.53	1.45552e-06
3.535	1.44769e-06
3.54	1.43371e-06
3.545	1.41731e-06
3.55	1.39751e-06
3.555	1.37389e-06
3.56	1.34743e-06
3.565	1.31882e-06
3.57	1.28972e-06
3.575	1.26419e-06
3.58	1.24066e-06
3.585	1.22435e-06
3.59	1.21782e-06
3.595	1.21963e-06
3.6	1.22857e-06
3.605	1.24234e-06
3.61	1.25864e-06
3.615	1.27612e-06
3.62	1.29511e-06
3.625	1.31279e-06
3.63	1.33106e-06
3.635	1.34905e-06
3.64	1.36657e-06
3.645	1.38333e-06
3.65	1.39938e-06
3.655	1.41583e-06
3.66	1.43039e-06
3.665	1.44309e-06
3.67	1.45287e-06
3.675	1.45707e-06
3.68	1.45658e-06
3.685	1.44975e-06
3.69	1.43792e-06
3.695	1.42164e-06
3.7	1.40283e-06
3.705	1.37984e-06
3.71	1.3545e-06
3.715	1.32606e-06
3.72	1.29695e-06
3.725	1.2701e-06
3.73	1.24539e-06
3.735	1.2289e-06
3.74	1.21876e-06
3.745	1.21823e-06
3.75	1.22579e-06
3.755	1.23819e-06
3.76	1.25471e-06
3.765	1.27148e-06
3.77	1.29015e-06
3.775	1.30792e-06
3.78	1.32654e-06
3.785	1.34464e-06
3.79	1.36186e-06
3.795	1.3794e-06
3.8	1.39505e-06
3.805	1.41149e-06
3.81	1.42649e-06
3.815	1.43997e-06
3.82	1.45055e-06
3.825	1.45637e-06
3.83	1.45731e-06
3.835	1.45129e-06
3.84	1.44076e-06
3.845	1.42585e-06
3.85	1.4077e-06
3.855	1.38596e-06
3.86	1.36114e-06
3.865	1.33313e-06
3.87	1.30405e-06
3.875	1.27623e-06
3.88	1.25132e-06
3.885	1.23229e-06
3.89	1.22023e-06
3.895	1.21767e-06
3.9	1.22348e-06
3.905	1.23478e-06
3.91	1.25052e-06
3.915	1.26734e-06
3.92	1.28573e-06
3.925	1.30364e-06
3.93	1.32219e-06
3.935	1.3402e-06
3.94	1.35788e-06
3.945	1.375e-06
3.95	1.39094e-06
3.955	1.40759e-06
3.96	1.42303e-06
3.965	1.43714e-06
3.97	1.44866e-06
3.975	1.45529e-06
3.98	1.45772e-06
3.985	1.45393e-06
3.99	1.4438e-06
3.995	1.42954e-06
4	1.41263e-06
4.005	1.39214e-06
4.01	1.36765e-06
4.015	1.34041e-06
4.02	1.31162e-06
4.025	1.28303e-06
4.03	1.25713e-06
4.035	1.23614e-06
4.04	1.22192e-06
4.045	1.21755e-06
4.05	1.22118e-06
4.055	1.23141e-06
4.06	1.24619e-06
4.065	1.26271e-06
4.07	1.28081e-06
4.075	1.29884e-06
4.08	1.31739e-06
4.085	1.33532e-06
4.09	1.3533e-06
4.095	1.3707e-06
4.1	1.38697e-06
4.105	1.4033e-06
4.11	1.41922e-06
4.115	1.43401e-06
4.12	1.44582e-06
4.125	1.45372e-06
4.13	1.45753e-06
4.135	1.45556e-06
4.14	1.44774e-06
4.145	1.43381e-06
4.15	1.41739e-06
4.155	1.39762e-06
4.16	1.37403e-06
4.165	1.34757e-06
4.17	1.31898e-06
4.175	1.28987e-06
4.18	1.26431e-06
4.185	1.24084e-06
4.19	1.2244e-06
4.195	1.21782e-06
4.2	1.21959e-06
4.205	1.22851e-06
4.21	1.24225e-06
4.215	1.25855e-06
4.22	1.27602e-06
4.225	1.29503e-06
4.23	1.31268e-06
4.235	1.33097e-06
4.24	1.34898e-06
4.245	1.36649e-06
4.25	1.38325e-06
4.255	1.39929e-06
4.26	1.41575e-06
4.265	1.43035e-06
4.27	1.44307e-06
4.275	1.45284e-06
4.28	1.45708e-06
4.285	1.45661e-06
4.29	1.44979e-06
4.295	1.43799e-06
4.3	1.42175e-06
4.305	1.40295e-06
4.31	1.37995e-06
4.315	1.35465e-06
4.32	1.32621e-06
4.325	1.29707e-06
4.33	1.2702e-06
4.335	1.24544e-06
4.34	1.22887e-06
4.345	1.21869e-06
4.35	1.2181e-06
4.355	1.22562e-06
4.36	1.238e-06
4.365	1.25452e-06
4.37	1.27128e-06
4.375	1.28996e-06
4.38	1.30771e-06
4.385	1.32636e-06
4.39	1.34446e-06
4.395	1.36169e-06
4.4	1.37923e-06
4.405	1.39492e-06
4.41	1.41136e-06
4.415	1.42637e-06
4.42	1.43985e-06
4.425	1.45047e-06
4.43	1.45635e-06
4.435	1.45736e-06
4.44	1.45133e-06
4.445	1.44084e-06
4.45	1.42595e-06
4.455	1.4078e-06
4.46	1.38609e-06
4.465	1.36129e-06
4.47	1.33329e-06
4.475	1.30419e-06
4.48	1.27638e-06
4.485	1.25146e-06
4.49	1.23238e-06
4.495	1.22025e-06
4.5	1.21766e-06
4.505	1.22344e-06
4.51	1.2347e-06
4.515	1.25043e-06
4.52	1.26724e-06
4.525	1.28562e-06
4.53	1.30353e-06
4.535	1.32208e-06
4.54	1.3401e-06
4.545	1.35779e-06
4.55	1.37489e-06
4.555	1.39085e-06
4.56	1.4075e-06
4.565	1.42295e-06
4.57	1.43707e-06
4.575	1.44858e-06
4.58	1.45526e-06
4.585	1.45774e-06
4.59	1.45397e-06
4.595	1.44386e-06
4.6	1.42961e-06
4.605	1.41272e-06
4.61	1.39225e-06
4.615	1.36779e-06
4.62	1.34056e-06
4.625	1.31178e-06
4.63	1.28318e-06
4.635	1.25725e-06
4.64	1.23624e-06
4.645	1.22198e-06
4.65	1.21756e-06
4.655	1.22116e-06
4.66	1.23136e-06
4.665	1.24611e-06
4.67	1.26262e-06
4.675	1.2807e-06
4.68	1.29874e-06
4.685	1.3173e-06
4.69	1.33522e-06
4.695	1.3532e-06
4.7	1.37061e-06
4.705	1.3869e-06
4.71	1.40323e-06
4.715	1.41917e-06
4.72	1.43394e-06
4.725	1.44576e-06
4.73	1.45369e-06
4.735	1.45753e-06
4.74	1.45559e-06
4.745	1.44778e-06
4.75	1.43389e-06
4.755	1.41749e-06
4.76	1.39773e-06
4.765	1.37416e-06
4.77	1.34773e-06
4.775	1.31914e-06
4.78	1.29001e-06
4.785	1.26443e-06
4.79	1.24092e-06
4.795	1.22443e-06
4.8	1.21782e-06
4.805	1.21957e-06
4.81	1.22846e-06
4.815	1.24217e-06
4.82	1.25847e-06
4.825	1.27593e-06
4.83	1.29493e-06
4.835	1.31259e-06
4.84	1.33088e-06
4.845	1.3489e-06
4.85	1.36637e-06
4.855	1.38318e-06
4.86	1.3992e-06
4.865	1.41566e-06
4.87	1.43026e-06
4.875	1.44301e-06
4.88	1.45279e-06
4.885	1.45707e-06
4.89	1.45661e-06
4.895	1.44982e-06
4.9	1.43805e-06
4.905	1.42183e-06
4.91	1.40304e-06
4.915	1.38005e-06
4.92	1.35481e-06
4.925	1.32636e-06
4.93	1.29722e-06
4.935	1.27032e-06
4.94	1.24555e-06
4.945	1.22894e-06
4.95	1.21872e-06
4.955	1.21808e-06
4.96	1.22558e-06
4.965	1.23792e-06
4.97	1.25443e-06
4.975	1.27119e-06
4.98	1.28986e-06
4.985	1.30764e-06
4.99	1.32628e-06
4.995	1.34437e-06
5	1.3616e-06
5.005	1.37915e-06
5.01	1.39483e-06
5.015	1.41127e-06
5.02	1.4263e-06
5.025	1.43981e-06
5.03	1.45045e-06
5.035	1.45633e-06
5.04	1.45737e-06
5.045	1.45137e-06
5.05	1.44091e-06
5.055	1.42602e-06
5.06	1.40789e-06
5.065	1.38621e-06
5.07	1.36142e-06
5.075	1.33345e-06
5.08	1.30434e-06
5.085	1.27652e-06
5.09	1.25156e-06
5.095	1.23245e-06
5.1	1.22029e-06
5.105	1.21766e-06
5.11	1.22339e-06
5.115	1.23466e-06
5.12	1.25035e-06
5.125	1.26715e-06
5.13	1.28552e-06
5.135	1.30344e-06
5.14	1.32199e-06
5.145	1.34001e-06
5.15	1.35771e-06
5.155	1.3748e-06
5.16	1.39077e-06
5.165	1.40741e-06
5.17	1.42287e-06
5.175	1.43701e-06
5.18	1.44852e-06
5.185	1.45522e-06
5.19	1.45772e-06
5.195	1.45398e-06
5.2	1.4439e-06
5.205	1.42966e-06
5.21	1.41282e-06
5.215	1.39237e-06
5.22	1.36793e-06
5.225	1.3407e-06
5.23	1.31193e-06
5.235	1.28332e-06
5.24	1.25737e-06
5.245	1.23634e-06
5.25	1.22203e-06
5.255	1.21756e-06
5.26	1.22112e-06
5.265	1.2313e-06
5.27	1.24603e-06
5.275	1.26253e-06
5.28	1.28063e-06
5.285	1.29866e-06
5.29	1.31721e-06
5.295	1.33515e-06
5.3	1.35311e-06
5.305	1.37053e-06
5.31	1.38686e-06
5.315	1.40315e-06
5.32	1.4191e-06
5.325	1.43388e-06
5.33	1.44571e-06
5.335	1.45367e-06
5.34	1.45752e-06
5.345	1.45563e-06
5.35	1.44783e-06
5.355	1.43398e-06
5.36	1.41757e-06
5.365	1.39784e-06
5.37	1.37429e-06
5.375	1.34785e-06
5.38	1.31929e-06
5.385	1.29016e-06
5.39	1.26454e-06
5.395	1.24102e-06
5.4	1.22463e-06
5.405	1.21785e-06
5.41	1.21954e-06
5.415	1.22842e-06
5.42	1.2421e-06
5.425	1.25839e-06
5.43	1.27584e-06
5.435	1.29484e-06
5.44	1.31249e-06
5.445	1.3308e-06
5.45	1.34882e-06
5.455	1.36628e-06
5.46	1.38311e-06
5.465	1.39913e-06
5.47	1.4156e-06
5.475	1.43019e-06
5.48	1.44292e-06
5.485	1.45274e-06
5.49	1.45705e-06
5.495	1.45665e-06
5.5	1.44987e-06
5.505	1.43811e-06
5.51	1.42192e-06
5.515	1.40315e-06
5.52	1.38017e-06
5.525	1.35495e-06
5.53	1.3265e-06
5.535	1.29736e-06
5.54	1.27043e-06
5.545	1.24563e-06
5.55	1.22899e-06
5.555	1.21874e-06
5.56	1.21804e-06
5.565	1.22553e-06
5.57	1.23783e-06
5.575	1.25432e-06
5.58	1.2711e-06
5.585	1.28976e-06
5.59	1.30755e-06
5.595	1.32619e-06
5.6	1.34428e-06
5.605	1.3615e-06
5.61	1.37905e-06
5.615	1.39472e-06
5.62	1.41118e-06
5.625	1.42621e-06
5.63	1.43975e-06
5.635	1.45041e-06
5.64	1.45631e-06
5.645	1.45738e-06
5.65	1.45139e-06
5.655	1.44095e-06
5.66	1.42609e-06
5.665	1.40798e-06
5.67	1.38632e-06
5.675	1.36154e-06
5.68	1.33359e-06
5.685	1.30448e-06
5.69	1.27665e-06
5.695	1.25168e-06
5.7	1.23253e-06
5.705	1.22032e-06
5.71	1.21766e-06
5.715	1.22336e-06
5.72	1.23461e-06
5.725	1.2503e-06
5.73	1.26708e-06
5.735	1.28544e-06
5.74	1.30336e-06
5.745	1.32192e-06
5.75	1.33992e-06
5.755	1.35765e-06
5.76	1.37472e-06
5.765	1.39069e-06
5.77	1.40736e-06
5.775	1.42283e-06
5.78	1.43697e-06
5.785	1.44849e-06
5.79	1.45521e-06
5.795	1.45772e-06
5.8	1.45402e-06
5.805	1.44396e-06
5.81	1.42975e-06
5.815	1.41292e-06
5.82	1.39249e-06
5.825	1.36804e-06
5.83	1.34089e-06
5.835	1.31207e-06
5.84	1.28344e-06
5.845	1.25748e-06
5.85	1.23641e-06
5.855	1.22207e-06
5.86	1.21757e-06
5.865	1.22109e-06
5.87	1.23124e-06
5.875	1.24595e-06
5.88	1.26245e-06
5.885	1.28054e-06
5.89	1.29858e-06
5.895	1.31713e-06
5.9	1.33507e-06
5.905	1.35303e-06
5.91	1.37044e-06
5.915	1.38681e-06
5.92	1.40308e-06
5.925	1.41905e-06
5.93	1.43382e-06
5.935	1.44567e-06
5.94	1.45363e-06
5.945	1.45751e-06
5.95	1.45565e-06
5.955	1.44786e-06
5.96	1.43407e-06
5.965	1.41768e-06
5.97	1.39796e-06
5.975	1.3744e-06
5.98	1.34803e-06
5.985	1.31945e-06
5.99	1.29031e-06
5.995	1.26465e-06
6	1.24111e-06
6.005	1.22468e-06
6.01	1.21786e-06
6.015	1.2195e-06
6.02	1.22838e-06
6.025	1.24202e-06
6.03	1.2583e-06
6.035	1.27572e-06
6.04	1.29473e-06
6.045	1.31237e-06
6.05	1.33068e-06
6.055	1.34869e-06
6.06	1.36615e-06
6.065	1.38299e-06
6.07	1.39902e-06
6.075	1.41547e-06
6.08	1.43008e-06
6.085	1.44285e-06
6.09	1.45268e-06
6.095	1.45703e-06
6.1	1.45665e-06
6.105	1.44989e-06
6.11	1.43817e-06
6.115	1.422e-06
6.12	1.40323e-06
6.125	1.38027e-06
6.13	1.35507e-06
6.135	1.32665e-06
6.14	1.2975e-06
6.145	1.27054e-06
6.15	1.24573e-06
6.155	1.22905e-06
6.16	1.21877e-06
6.165	1.21802e-06
6.17	1.22548e-06
6.175	1.23776e-06
6.18	1.25425e-06
6.185	1.27101e-06
6.19	1.28968e-06
6.195	1.30747e-06
6.2	1.32609e-06
6.205	1.3442e-06
6.21	1.36143e-06
6.215	1.37897e-06
6.22	1.39466e-06
6.225	1.41109e-06
6.23	1.42614e-06
6.235	1.43969e-06
6.24	1.45037e-06
6.245	1.45631e-06
6.25	1.45739e-06
6.255	1.45143e-06
6.26	1.44099e-06
6.265	1.42615e-06
6.27	1.40809e-06
6.275	1.38645e-06
6.28	1.36184e-06
6.285	1.33376e-06
6.29	1.30464e-06
6.295	1.2768e-06
6.3	1.25178e-06
6.305	1.23262e-06
6.31	1.22037e-06
6.315	1.21765e-06
6.32	1.22331e-06
6.325	1.23454e-06
6.33	1.25021e-06
6.335	1.26699e-06
6.34	1.28534e-06
6.345	1.30327e-06
6.35	1.32182e-06
6.355	1.33982e-06
6.36	1.35757e-06
6.365	1.37464e-06
6.37	1.39062e-06
6.375	1.40729e-06
6.38	1.42275e-06
6.385	1.4369e-06
6.39	1.44842e-06
6.395	1.45517e-06
6.4	1.45772e-06
6.405	1.45437e-06
6.41	1.44404e-06
6.415	1.42985e-06
6.42	1.41302e-06
6.425	1.39261e-06
6.43	1.36819e-06
6.435	1.34103e-06
6.44	1.31223e-06
6.445	1.2836e-06
6.45	1.2576e-06
6.455	1.23651e-06
6.46	1.22212e-06
6.465	1.21758e-06
6.47	1.22106e-06
6.475	1.23118e-06
6.48	1.24586e-06
6.485	1.26236e-06
6.49	1.28045e-06
6.495	1.29849e-06
6.5	1.31704e-06
6.505	1.33499e-06
6.51	1.35295e-06
6.515	1.37037e-06
6.52	1.38674e-06
6.525	1.40299e-06
6.53	1.41896e-06
6.535	1.43374e-06
6.54	1.44562e-06
6.545	1.4536e-06
6.55	1.45751e-06
6.555	1.45567e-06
6.56	1.4479e-06
6.565	1.43411e-06
6.57	1.41775e-06
6.575	1.39808e-06
6.58	1.37455e-06
6.585	1.34817e-06
6.59	1.3196e-06
6.595	1.29045e-06
6.6	1.26478e-06
6.605	1.2412e-06
6.61	1.22472e-06
6.615	1.21787e-06
6.62	1.21947e-06
6.625	1.22831e-06
6.63	1.24193e-06
6.635	1.2582e-06
6.64	1.27564e-06
6.645	1.29465e-06
6.65	1.31227e-06
6.655	1.33059e-06
6.66	1.34862e-06
6.665	1.36608e-06
6.67	1.38291e-06
6.675	1.39895e-06
6.68	1.41539e-06
6.685	1.43001e-06
6.69	1.44279e-06
6.695	1.45264e-06
6.7	1.45702e-06
6.705	1.45667e-06
6.71	1.44994e-06
6.715	1.43823e-06
6.72	1.42208e-06
6.725	1.40333e-06
6.73	1.38038e-06
6.735	1.35519e-06
6.74	1.32677e-06
6.745	1.29765e-06
6.75	1.27066e-06
6.755	1.24583e-06
6.76	1.22909e-06
6.765	1.21879e-06
6.77	1.21799e-06
6.775	1.22542e-06
6.78	1.23767e-06
6.785	1.25415e-06
6.79	1.27092e-06
6.795	1.28958e-06
6.8	1.30736e-06
6.805	1.32601e-06
6.81	1.34409e-06
6.815	1.36135e-06
6.82	1.37888e-06
6.825	1.39458e-06
6.83	1.41101e-06
6.835	1.42608e-06
6.84	1.43964e-06
6.845	1.45033e-06
6.85	1.4563e-06
6.855	1.45741e-06
6.86	1.45148e-06
6.865	1.44107e-06
6.87	1.42624e-06
6.875	1.4082e-06
6.88	1.38657e-06
6.885	1.36198e-06
6.89	1.33391e-06
6.895	1.30479e-06
6.9	1.27694e-06
6.905	1.25191e-06
6.91	1.23268e-06
6.915	1.22038e-06
6.92	1.21763e-06
6.925	1.22325e-06
6.93	1.23446e-06
6.935	1.25009e-06
6.94	1.26687e-06
6.945	1.28519e-06
6.95	1.30314e-06
6.955	1.32171e-06
6.96	1.33971e-06
6.965	1.35744e-06
6.97	1.3745e-06
6.975	1.39048e-06
6.98	1.40716e-06
6.985	1.42265e-06
6.99	1.4368e-06
6.995	1.44835e-06
7	1.45512e-06
7.005	1.45771e-06
7.01	1.45439e-06
7.015	1.44407e-06
7.02	1.4299e-06
7.025	1.4131e-06
7.03	1.3927e-06
7.035	1.36832e-06
7.04	1.34119e-06
7.045	1.31238e-06
7.05	1.28372e-06
7.055	1.2577e-06
7.06	1.23658e-06
7.065	1.22217e-06
7.07	1.21759e-06
7.075	1.22103e-06
7.08	1.23113e-06
7.085	1.24579e-06
7.09	1.2623e-06
7.095	1.28037e-06
7.1	1.29842e-06
7.105	1.31696e-06
7.11	1.3349e-06
7.115	1.35287e-06
7.12	1.3703e-06
7.125	1.38668e-06
7.13	1.40292e-06
7.135	1.41891e-06
7.14	1.43369e-06
7.145	1.44556e-06
7.15	1.45356e-06
7.155	1.45749e-06
7.16	1.4557e-06
7.165	1.44795e-06
7.17	1.43419e-06
7.175	1.41784e-06
7.18	1.39827e-06
7.185	1.37468e-06
7.19	1.34832e-06
7.195	1.31976e-06
7.2	1.29059e-06
7.205	1.2649e-06
7.21	1.2413e-06
7.215	1.22477e-06
7.22	1.21789e-06
7.225	1.2195e-06
7.23	1.22827e-06
7.235	1.24187e-06
7.24	1.25813e-06
7.245	1.27557e-06
7.25	1.29455e-06
7.255	1.31216e-06
7.26	1.3305e-06
7.265	1.34854e-06
7.27	1.366e-06
7.275	1.38282e-06
7.28	1.39885e-06
7.285	1.41531e-06
7.29	1.42995e-06
7.295	1.44274e-06
7.3	1.45259e-06
7.305	1.45701e-06
7.31	1.4567e-06
7.315	1.44998e-06
7.32	1.43829e-06
7.325	1.42216e-06
7.33	1.40344e-06
7.335	1.38051e-06
7.34	1.35532e-06
7.345	1.32691e-06
7.35	1.29778e-06
7.355	1.27078e-06
7.36	1.24593e-06
7.365	1.22915e-06
7.37	1.2188e-06
7.375	1.21797e-06
7.38	1.2254e-06
7.385	1.23761e-06
7.39	1.25407e-06
7.395	1.27086e-06
7.4	1.2895e-06
7.405	1.30729e-06
7.41	1.32592e-06
7.415	1.344e-06
7.42	1.36124e-06
7.425	1.37879e-06
7.43	1.3945e-06
7.435	1.41093e-06
7.44	1.426e-06
7.445	1.43958e-06
7.45	1.45028e-06
7.455	1.45631e-06
7.46	1.45743e-06
7.465	1.45152e-06
7.47	1.44113e-06
7.475	1.42631e-06
7.48	1.40847e-06
7.485	1.3867e-06
7.49	1.36213e-06
7.495	1.33406e-06
7.5	1.30494e-06
7.505	1.27707e-06
7.51	1.25202e-06
7.515	1.23275e-06
7.52	1.22041e-06
7.525	1.21763e-06
7.53	1.2232e-06
7.535	1.2344e-06
7.54	1.25002e-06
7.545	1.26679e-06
7.55	1.28512e-06
7.555	1.30303e-06
7.56	1.3216e-06
7.565	1.3396e-06
7.57	1.35736e-06
7.575	1.37441e-06
7.58	1.39041e-06
7.585	1.40707e-06
7.59	1.42259e-06
7.595	1.43674e-06
7.6	1.4483e-06
7.605	1.45509e-06
7.61	1.45772e-06
7.615	1.4545e-06
7.62	1.44413e-06
7.625	1.42997e-06
7.63	1.41319e-06
7.635	1.39283e-06
7.64	1.36846e-06
7.645	1.34134e-06
7.65	1.31252e-06
7.655	1.28387e-06
7.66	1.25784e-06
7.665	1.23668e-06
7.67	1.22222e-06
7.675	1.2176e-06
7.68	1.221e-06
7.685	1.23106e-06
7.69	1.24572e-06
7.695	1.26234e-06
7.7	1.28026e-06
7.705	1.29832e-06
7.71	1.31683e-06
7.715	1.3348e-06
7.72	1.35277e-06
7.725	1.37019e-06
7.73	1.38659e-06
7.735	1.40282e-06
7.74	1.41883e-06
7.745	1.43361e-06
7.75	1.44552e-06
7.755	1.45355e-06
7.76	1.45748e-06
7.765	1.45571e-06
7.77	1.44798e-06
7.775	1.43428e-06
7.78	1.41794e-06
7.785	1.39838e-06
7.79	1.37481e-06
7.795	1.34846e-06
7.8	1.3199e-06
7.805	1.29073e-06
7.81	1.26501e-06
7.815	1.24138e-06
7.82	1.22667e-06
7.825	1.21828e-06
7.83	1.21971e-06
7.835	1.22827e-06
7.84	1.2418e-06
7.845	1.25805e-06
7.85	1.27549e-06
7.855	1.29448e-06
7.86	1.31208e-06
7.865	1.33042e-06
7.87	1.34845e-06
7.875	1.3659e-06
7.88	1.38274e-06
7.885	1.39879e-06
7.89	1.41523e-06
7.895	1.42988e-06
7.9	1.44266e-06
7.905	1.45255e-06
7.91	1.45699e-06
7.915	1.45671e-06
7.92	1.45e-06
7.925	1.43834e-06
7.93	1.42224e-06
7.935	1.40354e-06
7.94	1.38063e-06
7.945	1.35546e-06
7.95	1.32707e-06
7.955	1.29792e-06
7.96	1.2709e-06
7.965	1.24603e-06
7.97	1.22921e-06
7.975	1.21883e-06
7.98	1.21795e-06
7.985	1.22535e-06
7.99	1.23754e-06
7.995	1.25399e-06
8	1.27076e-06
8.005	1.28939e-06
8.01	1.30718e-06
8.015	1.3258e-06
8.02	1.34391e-06
8.025	1.36114e-06
8.03	1.37869e-06
8.035	1.3944e-06
8.04	1.41082e-06
8.045	1.42592e-06
8.05	1.43949e-06
8.055	1.4502e-06
8.06	1.45625e-06
8.065	1.4574e-06
8.07	1.45151e-06
8.075	1.44115e-06
8.08	1.42635e-06
8.085	1.40853e-06
8.09	1.38677e-06
8.095	1.36222e-06
8.1	1.33417e-06
8.105	1.30506e-06
8.11	1.27718e-06
8.115	1.2521e-06
8.12	1.23281e-06
8.125	1.22041e-06
8.13	1.21757e-06
8.135	1.22312e-06
8.14	1.23431e-06
8.145	1.2499e-06
8.15	1.26667e-06
8.155	1.28498e-06
8.16	1.30293e-06
8.165	1.32149e-06
8.17	1.33948e-06
8.175	1.35724e-06
8.18	1.37429e-06
8.185	1.39029e-06
8.19	1.40698e-06
8.195	1.42249e-06
8.2	1.43666e-06
8.205	1.44822e-06
8.21	1.45503e-06
8.215	1.45769e-06
8.22	1.4545e-06
8.225	1.44418e-06
8.23	1.43004e-06
8.235	1.41328e-06
8.24	1.39294e-06
8.245	1.36859e-06
8.25	1.34147e-06
8.255	1.31267e-06
8.26	1.284e-06
8.265	1.25795e-06
8.27	1.23675e-06
8.275	1.22225e-06
8.28	1.2176e-06
8.285	1.22097e-06
8.29	1.23101e-06
8.295	1.24562e-06
8.3	1.26217e-06
8.305	1.28017e-06
8.31	1.29824e-06
8.315	1.31673e-06
8.32	1.3347e-06
8.325	1.35267e-06
8.33	1.3701e-06
8.335	1.3865e-06
8.34	1.40273e-06
8.345	1.41875e-06
8.35	1.43354e-06
8.355	1.44543e-06
8.36	1.4535e-06
8.365	1.45747e-06
8.37	1.45575e-06
8.375	1.44805e-06
8.38	1.43435e-06
8.385	1.41802e-06
8.39	1.39848e-06
8.395	1.37493e-06
8.4	1.3486e-06
8.405	1.32004e-06
8.41	1.29087e-06
8.415	1.26513e-06
8.42	1.24148e-06
8.425	1.22672e-06
8.43	1.2183e-06
8.435	1.21968e-06
8.44	1.22822e-06
8.445	1.24173e-06
8.45	1.25797e-06
8.455	1.2754e-06
8.46	1.2944e-06
8.465	1.31201e-06
8.47	1.33033e-06
8.475	1.34836e-06
8.48	1.36583e-06
8.485	1.38266e-06
8.49	1.39872e-06
8.495	1.41516e-06
8.5	1.4298e-06
8.505	1.44262e-06
8.51	1.45251e-06
8.515	1.45696e-06
8.52	1.45672e-06
8.525	1.45001e-06
8.53	1.4384e-06
8.535	1.42232e-06
8.54	1.40364e-06
8.545	1.38077e-06
8.55	1.3556e-06
8.555	1.32722e-06
8.56	1.29806e-06
8.565	1.27101e-06
8.57	1.24614e-06
8.575	1.22928e-06
8.58	1.21886e-06
8.585	1.21793e-06
8.59	1.22531e-06
8.595	1.23746e-06
8.6	1.2539e-06
8.605	1.27068e-06
8.61	1.2893e-06
8.615	1.3071e-06
8.62	1.32573e-06
8.625	1.34382e-06
8.63	1.36106e-06
8.635	1.3786e-06
8.64	1.39432e-06
8.645	1.41075e-06
8.65	1.42585e-06
8.655	1.43945e-06
8.66	1.45016e-06
8.665	1.45623e-06
8.67	1.45741e-06
8.675	1.45153e-06
8.68	1.44122e-06
8.685	1.42648e-06
8.69	1.40865e-06
8.695	1.3869e-06
8.7	1.36234e-06
8.705	1.33432e-06
8.71	1.30519e-06
8.715	1.27732e-06
8.72	1.25221e-06
8.725	1.23288e-06
8.73	1.22043e-06
8.735	1.21758e-06
8.74	1.2231e-06
8.745	1.23425e-06
8.75	1.24982e-06
8.755	1.26659e-06
8.76	1.2849e-06
8.765	1.30283e-06
8.77	1.3214e-06
8.775	1.33939e-06
8.78	1.35717e-06
8.785	1.37421e-06
8.79	1.39022e-06
8.795	1.40692e-06
8.8	1.42244e-06
8.805	1.43661e-06
8.81	1.44818e-06
8.815	1.455e-06
8.82	1.45769e-06
8.825	1.45452e-06
8.83	1.44423e-06
8.835	1.4301e-06
8.84	1.41338e-06
8.845	1.39306e-06
8.85	1.36872e-06
8.855	1.34161e-06
8.86	1.31281e-06
8.865	1.28413e-06
8.87	1.25806e-06
8.875	1.23683e-06
8.88	1.2223e-06
8.885	1.21761e-06
8.89	1.22094e-06
8.895	1.23095e-06
8.9	1.24555e-06
8.905	1.2621e-06
8.91	1.28006e-06
8.915	1.29816e-06
8.92	1.31662e-06
8.925	1.3346e-06
8.93	1.35259e-06
8.935	1.37002e-06
8.94	1.38644e-06
8.945	1.40265e-06
8.95	1.41866e-06
8.955	1.43347e-06
8.96	1.44539e-06
8.965	1.45346e-06
8.97	1.45746e-06
8.975	1.45577e-06
8.98	1.44807e-06
8.985	1.43441e-06
8.99	1.4181e-06
8.995	1.39859e-06
9	1.37504e-06
9.005	1.34873e-06
9.01	1.3202e-06
9.015	1.29102e-06
9.02	1.26525e-06
9.025	1.24157e-06
9.03	1.22677e-06
9.035	1.21831e-06
9.04	1.21965e-06
9.045	1.22817e-06
9.05	1.24167e-06
9.055	1.25791e-06
9.06	1.27533e-06
9.065	1.29432e-06
9.07	1.31191e-06
9.075	1.33026e-06
9.08	1.3483e-06
9.085	1.36574e-06
9.09	1.38259e-06
9.095	1.39862e-06
9.1	1.41507e-06
9.105	1.42973e-06
9.11	1.44256e-06
9.115	1.45246e-06
9.12	1.45696e-06
9.125	1.45676e-06
9.13	1.45007e-06
9.135	1.43847e-06
9.14	1.42241e-06
9.145	1.40373e-06
9.15	1.38089e-06
9.155	1.35572e-06
9.16	1.32736e-06
9.165	1.2982e-06
9.17	1.27113e-06
9.175	1.24624e-06
9.18	1.22932e-06
9.185	1.21888e-06
9.19	1.2179e-06
9.195	1.22526e-06
9.2	1.23737e-06
9.205	1.25382e-06
9.21	1.2706e-06
9.215	1.2892e-06
9.22	1.307e-06
9.225	1.32563e-06
9.23	1.34371e-06
9.235	1.36096e-06
9.24	1.37851e-06
9.245	1.39422e-06
9.25	1.41065e-06
9.255	1.42577e-06
9.26	1.43936e-06
9.265	1.4501e-06
9.27	1.4562e-06
9.275	1.45741e-06
9.28	1.45157e-06
9.285	1.44128e-06
9.29	1.42655e-06
9.295	1.40875e-06
9.3	1.38702e-06
9.305	1.36248e-06
9.31	1.33447e-06
9.315	1.30535e-06
9.32	1.27745e-06
9.325	1.25231e-06
9.33	1.23296e-06
9.335	1.2205e-06
9.34	1.21758e-06
9.345	1.22306e-06
9.35	1.23419e-06
9.355	1.24973e-06
9.36	1.26651e-06
9.365	1.28481e-06
9.37	1.30276e-06
9.375	1.3216e-06
9.38	1.33927e-06
9.385	1.35714e-06
9.39	1.37412e-06
9.395	1.39016e-06
9.4	1.40684e-06
9.405	1.42236e-06
9.41	1.43654e-06
9.415	1.44812e-06
9.42	1.45498e-06
9.425	1.45772e-06
9.43	1.45458e-06
9.435	1.44428e-06
9.44	1.43018e-06
9.445	1.41349e-06
9.45	1.39318e-06
9.455	1.36886e-06
9.46	1.34175e-06
9.465	1.31296e-06
9.47	1.28428e-06
9.475	1.25819e-06
9.48	1.23693e-06
9.485	1.22235e-06
9.49	1.21762e-06
9.495	1.2209e-06
9.5	1.23088e-06
9.505	1.24545e-06
9.51	1.26201e-06
9.515	1.27997e-06
9.52	1.29806e-06
9.525	1.31652e-06
9.53	1.33452e-06
9.535	1.3525e-06
9.54	1.36993e-06
9.545	1.38636e-06
9.55	1.40258e-06
9.555	1.41858e-06
9.56	1.43338e-06
9.565	1.44533e-06
9.57	1.45343e-06
9.575	1.45744e-06
9.58	1.45578e-06
9.585	1.44811e-06
9.59	1.43448e-06
9.595	1.4182e-06
9.6	1.3987e-06
9.605	1.37517e-06
9.61	1.34889e-06
9.615	1.32036e-06
9.62	1.29116e-06
9.625	1.26536e-06
9.63	1.24165e-06
9.635	1.22681e-06
9.64	1.2183e-06
9.645	1.2196e-06
9.65	1.22812e-06
9.655	1.24153e-06
9.66	1.25779e-06
9.665	1.2752e-06
9.67	1.2942e-06
9.675	1.31181e-06
9.68	1.33017e-06
9.685	1.3482e-06
9.69	1.36564e-06
9.695	1.38249e-06
9.7	1.39854e-06
9.705	1.41498e-06
9.71	1.42988e-06
9.715	1.44254e-06
9.72	1.45244e-06
9.725	1.45695e-06
9.73	1.45677e-06
9.735	1.45008e-06
9.74	1.43852e-06
9.745	1.4225e-06
9.75	1.40384e-06
9.755	1.38101e-06
9.76	1.35586e-06
9.765	1.3275e-06
9.77	1.29834e-06
9.775	1.27124e-06
9.78	1.24633e-06
9.785	1.22939e-06
9.79	1.2189e-06
9.795	1.21789e-06
9.8	1.2252e-06
9.805	1.23727e-06
9.81	1.25372e-06
9.815	1.27052e-06
9.82	1.28912e-06
9.825	1.30691e-06
9.83	1.32554e-06
9.835	1.34364e-06
9.84	1.36109e-06
9.845	1.37843e-06
9.85	1.39414e-06
9.855	1.41056e-06
9.86	1.4257e-06
9.865	1.43931e-06
9.87	1.45006e-06
9.875	1.45618e-06
9.88	1.45741e-06
9.885	1.45161e-06
9.89	1.44133e-06
9.895	1.4266e-06
9.9	1.40884e-06
9.905	1.38714e-06
9.91	1.3626e-06
9.915	1.3346e-06
9.92	1.30547e-06
9.925	1.27758e-06
9.93	1.25242e-06
9.935	1.23304e-06
9.94	1.22053e-06
9.945	1.21757e-06
9.95	1.22301e-06
9.955	1.23412e-06
9.96	1.24965e-06
9.965	1.26641e-06
9.97	1.28471e-06
9.975	1.30266e-06
9.98	1.32151e-06
9.985	1.33917e-06
9.99	1.35705e-06
9.995	1.37404e-06
10	1.3901e-06
10.005	1.40678e-06
10.01	1.42229e-06
10.015	1.43648e-06
10.02	1.44807e-06
10.025	1.455e-06
10.03	1.4577e-06
10.035	1.4546e-06
10.04	1.44433e-06
10.045	1.43023e-06
10.05	1.41357e-06
10.055	1.39326e-06
10.06	1.36898e-06
10.065	1.3419e-06
10.07	1.31311e-06
10.075	1.28441e-06
10.08	1.2587e-06
10.085	1.23698e-06
10.09	1.22244e-06
10.095	1.21762e-06
10.1	1.22089e-06
10.105	1.23085e-06
10.11	1.24541e-06
10.115	1.26194e-06
10.12	1.27989e-06
10.125	1.29799e-06
10.13	1.31643e-06
10.135	1.33449e-06
10.14	1.35242e-06
10.145	1.36988e-06
10.15	1.38631e-06
10.155	1.4025e-06
10.16	1.41852e-06
10.165	1.43335e-06
10.17	1.4453e-06
10.175	1.45342e-06
10.18	1.45745e-06
10.185	1.45584e-06
10.19	1.44818e-06
10.195	1.43457e-06
10.2	1.41828e-06
10.205	1.39879e-06
10.21	1.3753e-06
10.215	1.34902e-06
10.22	1.32051e-06
10.225	1.29131e-06
10.23	1.26548e-06
10.235	1.24174e-06
10.24	1.22684e-06
10.245	1.21828e-06
10.25	1.21952e-06
10.255	1.22801e-06
10.26	1.24139e-06
10.265	1.25765e-06
10.27	1.27506e-06
10.275	1.29405e-06
10.28	1.31165e-06
10.285	1.33002e-06
10.29	1.34808e-06
10.295	1.36551e-06
10.3	1.38237e-06
10.305	1.39841e-06
10.31	1.41487e-06
10.315	1.42979e-06
10.32	1.44247e-06
10.325	1.45239e-06
10.33	1.45694e-06
10.335	1.4568e-06
10.34	1.45013e-06
10.345	1.43861e-06
10.35	1.42259e-06
10.355	1.40395e-06
10.36	1.38115e-06
10.365	1.35601e-06
10.37	1.32766e-06
10.375	1.2985e-06
10.38	1.27137e-06
10.385	1.24642e-06
10.39	1.22942e-06
10.395	1.2189e-06
10.4	1.21783e-06
10.405	1.22512e-06
10.41	1.23714e-06
10.415	1.2536e-06
10.42	1.27037e-06
10.425	1.28896e-06
10.43	1.30677e-06
10.435	1.32539e-06
10.44	1.34347e-06
10.445	1.36094e-06
10.45	1.3783e-06
10.455	1.39402e-06
10.46	1.41044e-06
10.465	1.4256e-06
10.47	1.43921e-06
10.475	1.44998e-06
10.48	1.45615e-06
10.485	1.45741e-06
10.49	1.45164e-06
10.495	1.44138e-06
10.5	1.42669e-06
10.505	1.40894e-06
10.51	1.38728e-06
10.515	1.36274e-06
10.52	1.33477e-06
10.525	1.30563e-06
10.53	1.27772e-06
10.535	1.25253e-06
10.54	1.23312e-06
10.545	1.22057e-06
10.55	1.21758e-06
10.555	1.22299e-06
10.56	1.23407e-06
10.565	1.24958e-06
10.57	1.26635e-06
10.575	1.28464e-06
10.58	1.3026e-06
10.585	1.32143e-06
10.59	1.33909e-06
10.595	1.35698e-06
10.6	1.37395e-06
10.605	1.38999e-06
10.61	1.4067e-06
10.615	1.42224e-06
10.62	1.43643e-06
10.625	1.44802e-06
10.63	1.45496e-06
10.635	1.45771e-06
10.64	1.45464e-06
10.645	1.44437e-06
10.65	1.4303e-06
10.655	1.41366e-06
10.66	1.39339e-06
10.665	1.3691e-06
10.67	1.34204e-06
10.675	1.31326e-06
10.68	1.28454e-06
10.685	1.25882e-06
10.69	1.23708e-06
10.695	1.22249e-06
10.7	1.21769e-06
10.705	1.22086e-06
10.71	1.2308e-06
10.715	1.24533e-06
10.72	1.26188e-06
10.725	1.27982e-06
10.73	1.29791e-06
10.735	1.31635e-06
10.74	1.33441e-06
10.745	1.35233e-06
10.75	1.36979e-06
10.755	1.38624e-06
10.76	1.40244e-06
10.765	1.41847e-06
10.77	1.43327e-06
10.775	1.44523e-06
10.78	1.4534e-06
10.785	1.45745e-06
10.79	1.45586e-06
10.795	1.44821e-06
10.8	1.43464e-06
10.805	1.41837e-06
10.81	1.3989e-06
10.815	1.37542e-06
10.82	1.34916e-06
10.825	1.32065e-06
10.83	1.29146e-06
10.835	1.26561e-06
10.84	1.24183e-06
10.845	1.22688e-06
10.85	1.2183e-06
10.855	1.21948e-06
10.86	1.22796e-06
10.865	1.24131e-06
10.87	1.25756e-06
10.875	1.27496e-06
10.88	1.29396e-06
10.885	1.31156e-06
10.89	1.32993e-06
10.895	1.348e-06
10.9	1.36542e-06
10.905	1.38226e-06
10.91	1.39832e-06
10.915	1.41479e-06
10.92	1.42971e-06
10.925	1.44241e-06
10.93	1.45233e-06
10.935	1.4569e-06
10.94	1.45679e-06
10.945	1.45014e-06
10.95	1.43865e-06
10.955	1.42268e-06
10.96	1.40404e-06
10.965	1.38126e-06
10.97	1.35613e-06
10.975	1.32779e-06
10.98	1.29863e-06
10.985	1.27149e-06
10.99	1.24652e-06
10.995	1.22948e-06
11	1.21892e-06
11.005	1.2178e-06
11.01	1.22508e-06
11.015	1.23708e-06
11.02	1.25351e-06
11.025	1.27029e-06
11.03	1.28889e-06
11.035	1.30669e-06
11.04	1.32531e-06
11.045	1.3434e-06
11.05	1.36086e-06
11.055	1.37821e-06
11.06	1.39394e-06
11.065	1.41041e-06
11.07	1.42553e-06
11.075	1.43915e-06
11.08	1.44995e-06
11.085	1.45612e-06
11.09	1.45741e-06
11.095	1.45167e-06
11.1	1.44144e-06
11.105	1.42676e-06
11.11	1.40904e-06
11.115	1.38739e-06
11.12	1.36286e-06
11.125	1.33491e-06
11.13	1.30577e-06
11.135	1.27785e-06
11.14	1.25263e-06
11.145	1.2332e-06
11.15	1.2206e-06
11.155	1.21759e-06
11.16	1.22295e-06
11.165	1.23402e-06
11.17	1.24951e-06
11.175	1.26625e-06
11.18	1.28454e-06
11.185	1.30252e-06
11.19	1.32135e-06
11.195	1.33901e-06
11.2	1.35691e-06
11.205	1.37387e-06
11.21	1.38993e-06
11.215	1.40662e-06
11.22	1.42216e-06
11.225	1.43637e-06
11.23	1.44796e-06
11.235	1.45491e-06
11.24	1.4577e-06
11.245	1.45468e-06
11.25	1.44441e-06
11.255	1.43035e-06
11.26	1.41375e-06
11.265	1.3935e-06
11.27	1.36924e-06
11.275	1.34217e-06
11.28	1.31341e-06
11.285	1.28469e-06
11.29	1.25893e-06
11.295	1.23716e-06
11.3	1.22253e-06
11.305	1.2177e-06
11.31	1.22084e-06
11.315	1.23074e-06
11.32	1.24526e-06
11.325	1.2618e-06
11.33	1.27974e-06
11.335	1.29858e-06
11.34	1.31643e-06
11.345	1.33438e-06
11.35	1.35226e-06
11.355	1.36972e-06
11.36	1.38616e-06
11.365	1.40237e-06
11.37	1.41839e-06
11.375	1.4332e-06
11.38	1.44518e-06
11.385	1.45336e-06
11.39	1.45743e-06
11.395	1.45587e-06
11.4	1.44824e-06
11.405	1.43472e-06
11.41	1.41845e-06
11.415	1.399e-06
11.42	1.37555e-06
11.425	1.34931e-06
11.43	1.32078e-06
11.435	1.29157e-06
11.44	1.26571e-06
11.445	1.24192e-06
11.45	1.22695e-06
11.455	1.21833e-06
11.46	1.21947e-06
11.465	1.22792e-06
11.47	1.24123e-06
11.475	1.25748e-06
11.48	1.27488e-06
11.485	1.29389e-06
11.49	1.31147e-06
11.495	1.32985e-06
11.5	1.34792e-06
11.505	1.36532e-06
11.51	1.38217e-06
11.515	1.39823e-06
11.52	1.4147e-06
11.525	1.42965e-06
11.53	1.44235e-06
11.535	1.4523e-06
11.54	1.45688e-06
11.545	1.45681e-06
11.55	1.45016e-06
11.555	1.43871e-06
11.56	1.42277e-06
11.565	1.40414e-06
11.57	1.38138e-06
11.575	1.35627e-06
11.58	1.32795e-06
11.585	1.29877e-06
11.59	1.27161e-06
11.595	1.24661e-06
11.6	1.22954e-06
11.605	1.21896e-06
11.61	1.2178e-06
11.615	1.22504e-06
11.62	1.237e-06
11.625	1.25343e-06
11.63	1.2702e-06
11.635	1.2888e-06
11.64	1.3066e-06
11.645	1.32523e-06
11.65	1.34332e-06
11.655	1.36076e-06
11.66	1.37812e-06
11.665	1.39386e-06
11.67	1.41032e-06
11.675	1.42546e-06
11.68	1.4391e-06
11.685	1.44991e-06
11.69	1.45609e-06
11.695	1.45741e-06
11.7	1.45169e-06
11.705	1.44148e-06
11.71	1.42685e-06
11.715	1.40914e-06
11.72	1.38752e-06
11.725	1.36298e-06
11.73	1.33504e-06
11.735	1.30591e-06
11.74	1.27799e-06
11.745	1.25274e-06
11.75	1.23328e-06
11.755	1.22064e-06
11.76	1.21757e-06
11.765	1.22291e-06
11.77	1.23395e-06
11.775	1.24942e-06
11.78	1.26618e-06
11.785	1.28446e-06
11.79	1.30243e-06
11.795	1.32125e-06
11.8	1.33891e-06
11.805	1.35682e-06
11.81	1.37378e-06
11.815	1.38984e-06
11.82	1.40654e-06
11.825	1.4221e-06
11.83	1.43631e-06
11.835	1.44791e-06
11.84	1.4549e-06
11.845	1.45771e-06
11.85	1.4547e-06
11.855	1.44447e-06
11.86	1.43044e-06
11.865	1.41385e-06
11.87	1.39363e-06
11.875	1.36937e-06
11.88	1.34232e-06
11.885	1.31355e-06
11.89	1.28481e-06
11.895	1.25903e-06
11.9	1.23723e-06
11.905	1.22256e-06
11.91	1.21767e-06
11.915	1.22076e-06
11.92	1.23062e-06
11.925	1.24511e-06
11.93	1.26165e-06
11.935	1.27958e-06
11.94	1.29843e-06
11.945	1.31629e-06
11.95	1.33427e-06
11.955	1.35212e-06
11.96	1.3696e-06
11.965	1.38605e-06
11.97	1.40225e-06
11.975	1.41827e-06
11.98	1.4331e-06
11.985	1.44509e-06
11.99	1.45331e-06
11.995	1.4574e-06
12	1.45587e-06
12.005	1.44829e-06
12.01	1.43477e-06
12.015	1.41854e-06
12.02	1.39912e-06
12.025	1.37568e-06
12.03	1.34945e-06
12.035	1.32093e-06
12.04	1.29173e-06
12.045	1.26584e-06
12.05	1.24201e-06
12.055	1.227e-06
12.06	1.21834e-06
12.065	1.21945e-06
12.07	1.22788e-06
12.075	1.24115e-06
12.08	1.2574e-06
12.085	1.2748e-06
12.09	1.2938e-06
12.095	1.31141e-06
12.1	1.32977e-06
12.105	1.34785e-06
12.11	1.36524e-06
12.115	1.38211e-06
12.12	1.39816e-06
12.125	1.41463e-06
12.13	1.42957e-06
12.135	1.44228e-06
12.14	1.45226e-06
12.145	1.45689e-06
12.15	1.45685e-06
12.155	1.45021e-06
12.16	1.43877e-06
12.165	1.42285e-06
12.17	1.40423e-06
12.175	1.3815e-06
12.18	1.3564e-06
12.185	1.32808e-06
12.19	1.29891e-06
12.195	1.27172e-06
12.2	1.24671e-06
12.205	1.22959e-06
12.21	1.21898e-06
12.215	1.21778e-06
12.22	1.22498e-06
12.225	1.23692e-06
12.23	1.25334e-06
12.235	1.27013e-06
12.24	1.28877e-06
12.245	1.30653e-06
12.25	1.32513e-06
12.255	1.34323e-06
12.26	1.36068e-06
12.265	1.37805e-06
12.27	1.39378e-06
12.275	1.41023e-06
12.28	1.42539e-06
12.285	1.43905e-06
12.29	1.44988e-06
12.295	1.45608e-06
12.3	1.45743e-06
12.305	1.45173e-06
12.31	1.44153e-06
12.315	1.42689e-06
12.32	1.40922e-06
12.325	1.38762e-06
12.33	1.36309e-06
12.335	1.33519e-06
12.34	1.30604e-06
12.345	1.27812e-06
12.35	1.25284e-06
12.355	1.23335e-06
12.36	1.22066e-06
12.365	1.21758e-06
12.37	1.22287e-06
12.375	1.23389e-06
12.38	1.24935e-06
12.385	1.26608e-06
12.39	1.28436e-06
12.395	1.30233e-06
12.4	1.32116e-06
12.405	1.33883e-06
12.41	1.35674e-06
12.415	1.3737e-06
12.42	1.38978e-06
12.425	1.40648e-06
12.43	1.42203e-06
12.435	1.43624e-06
12.44	1.44787e-06
12.445	1.45486e-06
12.45	1.4577e-06
12.455	1.45473e-06
12.46	1.44452e-06
12.465	1.43049e-06
12.47	1.41395e-06
12.475	1.39372e-06
12.48	1.36949e-06
12.485	1.34245e-06
12.49	1.3137e-06
12.495	1.28494e-06
12.5	1.25914e-06
12.505	1.2373e-06
12.51	1.2226e-06
12.515	1.21768e-06
12.52	1.22073e-06
12.525	1.23057e-06
12.53	1.24505e-06
12.535	1.26158e-06
12.54	1.27949e-06
12.545	1.29836e-06
12.55	1.31618e-06
12.555	1.33418e-06
12.56	1.35204e-06
12.565	1.36953e-06
12.57	1.38598e-06
12.575	1.4022e-06
12.58	1.4182e-06
12.585	1.43304e-06
12.59	1.44503e-06
12.595	1.45328e-06
12.6	1.45739e-06
12.605	1.45588e-06
12.61	1.44833e-06
12.615	1.43485e-06
12.62	1.41863e-06
12.625	1.39922e-06
12.63	1.37581e-06
12.635	1.34959e-06
12.64	1.32109e-06
12.645	1.29188e-06
12.65	1.26596e-06
12.655	1.24212e-06
12.66	1.22706e-06
12.665	1.21835e-06
12.67	1.21942e-06
12.675	1.22782e-06
12.68	1.24108e-06
12.685	1.25798e-06
12.69	1.27484e-06
12.695	1.29375e-06
12.7	1.31133e-06
12.705	1.32969e-06
12.71	1.34777e-06
12.715	1.36515e-06
12.72	1.38203e-06
12.725	1.39809e-06
12.73	1.41455e-06
12.735	1.42951e-06
12.74	1.44224e-06
12.745	1.45222e-06
12.75	1.45688e-06
12.755	1.45687e-06
12.76	1.45024e-06
12.765	1.43883e-06
12.77	1.42294e-06
12.775	1.40433e-06
12.78	1.38163e-06
12.785	1.35653e-06
12.79	1.32823e-06
12.795	1.29904e-06
12.8	1.27184e-06
12.805	1.24681e-06
12.81	1.22965e-06
12.815	1.219e-06
12.82	1.21776e-06
12.825	1.22494e-06
12.83	1.23685e-06
12.835	1.25327e-06
12.84	1.27005e-06
12.845	1.28874e-06
12.85	1.30643e-06
12.855	1.32506e-06
12.86	1.34315e-06
12.865	1.3606e-06
12.87	1.37797e-06
12.875	1.39369e-06
12.88	1.41014e-06
12.885	1.42531e-06
12.89	1.43899e-06
12.895	1.44982e-06
12.9	1.45607e-06
12.905	1.45744e-06
12.91	1.45182e-06
12.915	1.4416e-06
12.92	1.42698e-06
12.925	1.40933e-06
12.93	1.38776e-06
12.935	1.36323e-06
12.94	1.33534e-06
12.945	1.30618e-06
12.95	1.27826e-06
12.955	1.25295e-06
12.96	1.23344e-06
12.965	1.22071e-06
12.97	1.21758e-06
12.975	1.22284e-06
12.98	1.23384e-06
12.985	1.2493e-06
12.99	1.266e-06
12.995	1.28427e-06
13	1.30226e-06
13.005	1.32107e-06
13.01	1.33875e-06
13.015	1.35668e-06
13.02	1.37362e-06
13.025	1.3897e-06
13.03	1.40639e-06
13.035	1.42195e-06
13.04	1.43619e-06
13.045	1.44781e-06
13.05	1.45483e-06
13.055	1.4577e-06
13.06	1.45476e-06
13.065	1.44457e-06
13.07	1.43055e-06
13.075	1.41403e-06
13.08	1.39383e-06
13.085	1.36962e-06
13.09	1.34259e-06
13.095	1.31386e-06
13.1	1.2851e-06
13.105	1.25926e-06
13.11	1.23739e-06
13.115	1.22265e-06
13.12	1.21768e-06
13.125	1.22069e-06
13.13	1.23053e-06
13.135	1.24498e-06
13.14	1.26152e-06
13.145	1.27942e-06
13.15	1.2983e-06
13.155	1.3161e-06
13.16	1.3341e-06
13.165	1.35195e-06
13.17	1.36948e-06
13.175	1.38594e-06
13.18	1.40214e-06
13.185	1.41815e-06
13.19	1.43302e-06
13.195	1.44502e-06
13.2	1.45329e-06
13.205	1.45742e-06
13.21	1.45595e-06
13.215	1.44841e-06
13.22	1.43496e-06
13.225	1.41873e-06
13.23	1.39933e-06
13.235	1.37595e-06
13.24	1.34973e-06
13.245	1.32124e-06
13.25	1.29202e-06
13.255	1.26605e-06
13.26	1.24215e-06
13.265	1.22702e-06
13.27	1.21824e-06
13.275	1.21923e-06
13.28	1.22759e-06
13.285	1.2408e-06
13.29	1.25769e-06
13.295	1.27454e-06
13.3	1.29344e-06
13.305	1.31099e-06
13.31	1.32936e-06
13.315	1.34745e-06
13.32	1.36482e-06
13.325	1.38171e-06
13.33	1.39778e-06
13.335	1.41426e-06
13.34	1.42924e-06
13.345	1.44199e-06
13.35	1.45203e-06
13.355	1.45674e-06
13.36	1.45679e-06
13.365	1.45022e-06
13.37	1.43887e-06
13.375	1.42301e-06
13.38	1.40444e-06
13.385	1.38177e-06
13.39	1.3567e-06
13.395	1.32841e-06
13.4	1.29921e-06
13.405	1.272e-06
13.41	1.24725e-06
13.415	1.22979e-06
13.42	1.2191e-06
13.425	1.2178e-06
13.43	1.22494e-06
13.435	1.23683e-06
13.44	1.25324e-06
13.445	1.27002e-06
13.45	1.28871e-06
13.455	1.3064e-06
13.46	1.325e-06
13.465	1.34312e-06
13.47	1.36055e-06
13.475	1.37792e-06
13.48	1.39377e-06
13.485	1.41014e-06
13.49	1.42534e-06
13.495	1.439e-06
13.5	1.44984e-06
13.505	1.4561e-06
13.51	1.45747e-06
13.515	1.45189e-06
13.52	1.44168e-06
13.525	1.42709e-06
13.53	1.40945e-06
13.535	1.3879e-06
13.54	1.36338e-06
13.545	1.33552e-06
13.55	1.30634e-06
13.555	1.27842e-06
13.56	1.25308e-06
13.565	1.23354e-06
13.57	1.22077e-06
13.575	1.21759e-06
13.58	1.22283e-06
13.585	1.2338e-06
13.59	1.24924e-06
13.595	1.26592e-06
13.6	1.2842e-06
13.605	1.3022e-06
13.61	1.32098e-06
13.615	1.33868e-06
13.62	1.35659e-06
13.625	1.37354e-06
13.63	1.38963e-06
13.635	1.40633e-06
13.64	1.42189e-06
13.645	1.43612e-06
13.65	1.44775e-06
13.655	1.45481e-06
13.66	1.4577e-06
13.665	1.4548e-06
13.67	1.44461e-06
13.675	1.43061e-06
13.68	1.41414e-06
13.685	1.39394e-06
13.69	1.36976e-06
13.695	1.34273e-06
13.7	1.314e-06
13.705	1.28523e-06
13.71	1.25937e-06
13.715	1.23748e-06
13.72	1.2227e-06
13.725	1.2177e-06
13.73	1.22067e-06
13.735	1.23047e-06
13.74	1.24491e-06
13.745	1.26143e-06
13.75	1.27933e-06
13.755	1.29821e-06
13.76	1.31602e-06
13.765	1.33403e-06
13.77	1.35188e-06
13.775	1.36941e-06
13.78	1.38588e-06
13.785	1.40208e-06
13.79	1.4181e-06
13.795	1.43296e-06
13.8	1.44497e-06
13.805	1.45328e-06
13.81	1.45742e-06
13.815	1.45597e-06
13.82	1.44847e-06
13.825	1.43503e-06
13.83	1.41883e-06
13.835	1.39944e-06
13.84	1.37605e-06
13.845	1.34987e-06
13.85	1.32139e-06
13.855	1.29217e-06
13.86	1.26617e-06
13.865	1.24223e-06
13.87	1.22704e-06
13.875	1.21821e-06
13.88	1.21916e-06
13.885	1.22751e-06
13.89	1.24068e-06
13.895	1.25755e-06
13.9	1.27439e-06
13.905	1.29329e-06
13.91	1.31086e-06
13.915	1.32924e-06
13.92	1.34733e-06
13.925	1.3647e-06
13.93	1.38158e-06
13.935	1.39766e-06
13.94	1.41415e-06
13.945	1.42914e-06
13.95	1.44193e-06
13.955	1.452e-06
13.96	1.45674e-06
13.965	1.45681e-06
13.97	1.45024e-06
13.975	1.43891e-06
13.98	1.42309e-06
13.985	1.40455e-06
13.99	1.38191e-06
13.995	1.35685e-06
14	1.32856e-06
14.005	1.29936e-06
14.01	1.27213e-06
14.015	1.24735e-06
14.02	1.22983e-06
14.025	1.21909e-06
14.03	1.21778e-06
14.035	1.22487e-06
14.04	1.23673e-06
14.045	1.25314e-06
14.05	1.26991e-06
14.055	1.28861e-06
14.06	1.3063e-06
14.065	1.32491e-06
14.07	1.34302e-06
14.075	1.36046e-06
14.08	1.37784e-06
14.085	1.39367e-06
14.09	1.41005e-06
14.095	1.42529e-06
14.1	1.43895e-06
14.105	1.44978e-06
14.11	1.45606e-06
14.115	1.45746e-06
14.12	1.45192e-06
14.125	1.44172e-06
14.13	1.42715e-06
14.135	1.40954e-06
14.14	1.38802e-06
14.145	1.3635e-06
14.15	1.33567e-06
14.155	1.30649e-06
14.16	1.27856e-06
14.165	1.25342e-06
14.17	1.23362e-06
14.175	1.22084e-06
14.18	1.2176e-06
14.185	1.2228e-06
14.19	1.23375e-06
14.195	1.24916e-06
14.2	1.26582e-06
14.205	1.28411e-06
14.21	1.30211e-06
14.215	1.3209e-06
14.22	1.3386e-06
14.225	1.35651e-06
14.23	1.37347e-06
14.235	1.38956e-06
14.24	1.40626e-06
14.245	1.42183e-06
14.25	1.43607e-06
14.255	1.4477e-06
14.26	1.45478e-06
14.265	1.45774e-06
14.27	1.45483e-06
14.275	1.44466e-06
14.28	1.43068e-06
14.285	1.41423e-06
14.29	1.39406e-06
14.295	1.36989e-06
14.3	1.34288e-06
14.305	1.31416e-06
14.31	1.28537e-06
14.315	1.2595e-06
14.32	1.23757e-06
14.325	1.22275e-06
14.33	1.21771e-06
14.335	1.22065e-06
14.34	1.23042e-06
14.345	1.24484e-06
14.35	1.26137e-06
14.355	1.27926e-06
14.36	1.29813e-06
14.365	1.31591e-06
14.37	1.33395e-06
14.375	1.35178e-06
14.38	1.36933e-06
14.385	1.38579e-06
14.39	1.40199e-06
14.395	1.41802e-06
14.4	1.43288e-06
14.405	1.44491e-06
14.41	1.45325e-06
14.415	1.45744e-06
14.42	1.456e-06
14.425	1.4485e-06
14.43	1.43509e-06
14.435	1.41891e-06
14.44	1.39953e-06
14.445	1.37619e-06
14.45	1.35e-06
14.455	1.32154e-06
14.46	1.29232e-06
14.465	1.26629e-06
14.47	1.24232e-06
14.475	1.22709e-06
14.48	1.21824e-06
14.485	1.21914e-06
14.49	1.22746e-06
14.495	1.2406e-06
14.5	1.25746e-06
