0	0
0.005	0
0.01	0
0.015	0
0.02	9.21761e-06
0.025	2.76113e-05
0.03	3.81563e-05
0.035	4.03981e-05
0.04	4.0477e-05
0.045	4.14534e-05
0.05	4.16814e-05
0.055	4.11433e-05
0.06	4.14887e-05
0.065	4.01154e-05
0.07	4.07826e-05
0.075	3.90208e-05
0.08	3.93474e-05
0.085	3.75933e-05
0.09	3.75614e-05
0.095	3.51661e-05
0.1	3.543e-05
0.105	3.26864e-05
0.11	3.32653e-05
0.115	3.07617e-05
0.12	3.15949e-05
0.125	2.91417e-05
0.13	2.9918e-05
0.135	2.75189e-05
0.14	2.80258e-05
0.145	2.57337e-05
0.15	2.60444e-05
0.155	2.37076e-05
0.16	2.42628e-05
0.165	2.20906e-05
0.17	2.32969e-05
0.175	2.1244e-05
0.18	2.30391e-05
0.185	2.12642e-05
0.19	2.28284e-05
0.195	2.08826e-05
0.2	2.20105e-05
0.205	2.02677e-05
0.21	2.18909e-05
0.215	2.10611e-05
0.22	2.34397e-05
0.225	2.33592e-05
0.23	2.53593e-05
0.235	2.49181e-05
0.24	2.64656e-05
0.245	2.60341e-05
0.25	2.81698e-05
0.255	2.79959e-05
0.26	2.94851e-05
0.265	2.6621e-05
0.27	2.31559e-05
0.275	1.75369e-05
0.28	1.72339e-05
0.285	1.56457e-05
0.29	1.78776e-05
0.295	1.87343e-05
0.3	2.19875e-05
0.305	2.37247e-05
0.31	2.41907e-05
0.315	2.4319e-05
0.32	2.35532e-05
0.325	2.37343e-05
0.33	2.39552e-05
0.335	2.5328e-05
0.34	2.66243e-05
0.345	2.78985e-05
0.35	2.68591e-05
0.355	2.34104e-05
0.36	1.97912e-05
0.365	1.87556e-05
0.37	1.80986e-05
0.375	2.04724e-05
0.38	2.07143e-05
0.385	2.415e-05
0.39	2.56422e-05
0.395	2.79259e-05
0.4	2.73558e-05
0.405	2.79753e-05
0.41	2.6302e-05
0.415	2.71797e-05
0.42	2.67773e-05
0.425	2.9199e-05
0.43	2.9986e-05
0.435	3.18667e-05
0.44	2.95209e-05
0.445	2.6193e-05
0.45	2.08278e-05
0.455	1.96766e-05
0.46	1.8091e-05
0.465	1.936e-05
0.47	1.97534e-05
0.475	2.20128e-05
0.48	2.38373e-05
0.485	2.45448e-05
0.49	2.49838e-05
0.495	2.36769e-05
0.5	2.33686e-05
0.505	2.31744e-05
0.51	2.4109e-05
0.515	2.51458e-05
0.52	2.70984e-05
0.525	2.74249e-05
0.53	2.66587e-05
0.535	2.24547e-05
0.54	1.87652e-05
0.545	1.58592e-05
0.55	1.70065e-05
0.555	1.63223e-05
0.56	1.9383e-05
0.565	2.09872e-05
0.57	2.50061e-05
0.575	2.67083e-05
0.58	2.87317e-05
0.585	2.88308e-05
0.59	3.08163e-05
0.595	3.13408e-05
0.6	3.47443e-05
0.605	3.73734e-05
0.61	4.20158e-05
0.615	4.4623e-05
0.62	4.64401e-05
0.625	4.37698e-05
0.63	4.2095e-05
0.635	4.03435e-05
0.64	4.20748e-05
0.645	4.35942e-05
0.65	4.64587e-05
0.655	4.9928e-05
0.66	5.24375e-05
0.665	5.52583e-05
0.67	5.42378e-05
0.675	5.32262e-05
0.68	4.8956e-05
0.685	4.64025e-05
0.69	4.27003e-05
0.695	4.01976e-05
0.7	3.67253e-05
0.705	3.51036e-05
0.71	2.97743e-05
0.715	2.50526e-05
0.72	1.71898e-05
0.725	1.4722e-05
0.73	1.12836e-05
0.735	1.21554e-05
0.74	1.15509e-05
0.745	1.46075e-05
0.75	1.65611e-05
0.755	1.91686e-05
0.76	2.09264e-05
0.765	2.15039e-05
0.77	2.20016e-05
0.775	2.2047e-05
0.78	2.28636e-05
0.785	2.40359e-05
0.79	2.58634e-05
0.795	2.7256e-05
0.8	2.71292e-05
0.805	2.39708e-05
0.81	2.02202e-05
0.815	1.74239e-05
0.82	1.77466e-05
0.825	1.68574e-05
0.83	1.95108e-05
0.835	2.08019e-05
0.84	2.47132e-05
0.845	2.67019e-05
0.85	2.87804e-05
0.855	2.91142e-05
0.86	3.06603e-05
0.865	3.07906e-05
0.87	3.33829e-05
0.875	3.50371e-05
0.88	3.87502e-05
0.885	4.10449e-05
0.89	4.35336e-05
0.895	4.17673e-05
0.9	4.09012e-05
0.905	3.97228e-05
0.91	4.26069e-05
0.915	4.5098e-05
0.92	4.91536e-05
0.925	5.35027e-05
0.93	5.78283e-05
0.935	6.15222e-05
0.94	6.19019e-05
0.945	6.37283e-05
0.95	6.06688e-05
0.955	5.93764e-05
0.96	5.65598e-05
0.965	5.43076e-05
0.97	5.08969e-05
0.975	4.92673e-05
0.98	4.37458e-05
0.985	3.88158e-05
0.99	2.9581e-05
0.995	2.45293e-05
1	1.90422e-05
1.005	1.83796e-05
1.01	1.69364e-05
1.015	1.91194e-05
1.02	2.0106e-05
1.025	2.24879e-05
1.03	2.26215e-05
1.035	2.31035e-05
1.04	2.18768e-05
1.045	2.25954e-05
1.05	2.2621e-05
1.055	2.46807e-05
1.06	2.56938e-05
1.065	2.82013e-05
1.07	2.84558e-05
1.075	2.76198e-05
1.08	2.33506e-05
1.085	2.21527e-05
1.09	2.14202e-05
1.095	2.3182e-05
1.1	2.51154e-05
1.105	2.77234e-05
1.11	3.15833e-05
1.115	3.39743e-05
1.12	3.70329e-05
1.125	3.69468e-05
1.13	3.86758e-05
1.135	3.7643e-05
1.14	4.00815e-05
1.145	4.15702e-05
1.15	4.53595e-05
1.155	4.64696e-05
1.16	4.95393e-05
1.165	4.67219e-05
1.17	4.46074e-05
1.175	3.97634e-05
1.18	3.97455e-05
1.185	3.74933e-05
1.19	3.84929e-05
1.195	3.79427e-05
1.2	3.94423e-05
1.205	4.00771e-05
1.21	3.94779e-05
1.215	3.8713e-05
1.22	3.6482e-05
1.225	3.56743e-05
1.23	3.40589e-05
1.235	3.41947e-05
1.24	3.35733e-05
1.245	3.44928e-05
1.25	3.29511e-05
1.255	3.10019e-05
1.26	2.56618e-05
1.265	2.28065e-05
1.27	1.95942e-05
1.275	2.10024e-05
1.28	2.06153e-05
1.285	2.35956e-05
1.29	2.55452e-05
1.295	2.87474e-05
1.3	3.07696e-05
1.305	3.19299e-05
1.31	3.29683e-05
1.315	3.42799e-05
1.32	3.66885e-05
1.325	3.95549e-05
1.33	4.3343e-05
1.335	4.68578e-05
1.34	5.01087e-05
1.345	5.08279e-05
1.35	4.97421e-05
1.355	4.88899e-05
1.36	5.04036e-05
1.365	5.17013e-05
1.37	5.53096e-05
1.375	5.64786e-05
1.38	5.92768e-05
1.385	5.92591e-05
1.39	5.84435e-05
1.395	5.42733e-05
1.4	5.03637e-05
1.405	4.40368e-05
1.41	4.02975e-05
1.415	3.53409e-05
1.42	3.35572e-05
1.425	3.11691e-05
1.43	3.0591e-05
1.435	2.67299e-05
1.44	2.32744e-05
1.445	1.82177e-05
1.45	1.7952e-05
1.455	1.65736e-05
1.46	1.88297e-05
1.465	1.95385e-05
1.47	2.26108e-05
1.475	2.46868e-05
1.48	2.62085e-05
1.485	2.7109e-05
1.49	2.68875e-05
1.495	2.74019e-05
1.5	2.74912e-05
1.505	2.87401e-05
1.51	2.94697e-05
1.515	3.07233e-05
1.52	3.07764e-05
1.525	2.90112e-05
1.53	2.48274e-05
1.535	2.03812e-05
1.54	1.77529e-05
1.545	1.83694e-05
1.55	1.80686e-05
1.555	2.104e-05
1.56	2.23506e-05
1.565	2.57083e-05
1.57	2.67529e-05
1.575	2.77091e-05
1.58	2.6158e-05
1.585	2.61542e-05
1.59	2.4379e-05
1.595	2.53945e-05
1.6	2.55728e-05
1.605	2.81808e-05
1.61	2.85728e-05
1.615	2.90299e-05
1.62	2.48338e-05
1.625	2.24492e-05
1.63	1.99475e-05
1.635	2.17608e-05
1.64	2.19277e-05
1.645	2.50013e-05
1.65	2.72097e-05
1.655	3.08622e-05
1.66	3.37588e-05
1.665	3.52521e-05
1.67	3.71591e-05
1.675	3.81694e-05
1.68	4.05119e-05
1.685	4.28333e-05
1.69	4.62669e-05
1.695	4.93622e-05
1.7	5.22426e-05
1.705	5.198e-05
1.71	4.8687e-05
1.715	4.33353e-05
1.72	3.9189e-05
1.725	3.49309e-05
1.73	3.34614e-05
1.735	3.01757e-05
1.74	3.03272e-05
1.745	2.92704e-05
1.75	2.95654e-05
1.755	2.7822e-05
1.76	2.73423e-05
1.765	2.52735e-05
1.77	2.57357e-05
1.775	2.52679e-05
1.78	2.70532e-05
1.785	2.73998e-05
1.79	2.86428e-05
1.795	2.75167e-05
1.8	2.4887e-05
1.805	1.89334e-05
1.81	1.73545e-05
1.815	1.54356e-05
1.82	1.70998e-05
1.825	1.79328e-05
1.83	2.10824e-05
1.835	2.37223e-05
1.84	2.58451e-05
1.845	2.73142e-05
1.85	2.65359e-05
1.855	2.64125e-05
1.86	2.52767e-05
1.865	2.57674e-05
1.87	2.60621e-05
1.875	2.80855e-05
1.88	2.86212e-05
1.885	2.92875e-05
1.89	2.55337e-05
1.895	2.23054e-05
1.9	1.85082e-05
1.905	1.97554e-05
1.91	1.91615e-05
1.915	2.23332e-05
1.92	2.39162e-05
1.925	2.80581e-05
1.93	3.01263e-05
1.935	3.26627e-05
1.94	3.27106e-05
1.945	3.49443e-05
1.95	3.55115e-05
1.955	3.89001e-05
1.96	4.11158e-05
1.965	4.62002e-05
1.97	4.93481e-05
1.975	5.28251e-05
1.98	5.1073e-05
1.985	4.87137e-05
1.99	4.45576e-05
1.995	4.34048e-05
2	4.04521e-05
2.005	3.92781e-05
2.01	3.70115e-05
2.015	3.5907e-05
2.02	3.45783e-05
2.025	3.19401e-05
2.03	2.98068e-05
2.035	2.70143e-05
2.04	2.63888e-05
2.045	2.55719e-05
2.05	2.69531e-05
2.055	2.69673e-05
2.06	2.88577e-05
2.065	2.76984e-05
2.07	2.57935e-05
2.075	2.04406e-05
2.08	1.78291e-05
2.085	1.47153e-05
2.09	1.6446e-05
2.095	1.61449e-05
2.1	1.95955e-05
2.105	2.186e-05
2.11	2.47674e-05
2.115	2.66138e-05
2.12	2.64581e-05
2.125	2.63312e-05
2.13	2.53368e-05
2.135	2.56267e-05
2.14	2.60434e-05
2.145	2.75867e-05
2.15	2.88973e-05
2.155	2.95672e-05
2.16	2.70286e-05
2.165	2.32207e-05
2.17	1.96469e-05
2.175	1.96207e-05
2.18	1.89494e-05
2.185	2.20275e-05
2.19	2.35527e-05
2.195	2.77595e-05
2.2	3.01712e-05
2.205	3.28362e-05
2.21	3.30879e-05
2.215	3.48852e-05
2.22	3.49808e-05
2.225	3.77132e-05
2.23	3.96404e-05
2.235	4.40012e-05
2.24	4.6814e-05
2.245	5.00751e-05
2.25	4.93546e-05
2.255	4.74279e-05
2.26	4.33909e-05
2.265	4.21866e-05
2.27	4.04287e-05
2.275	3.92903e-05
2.28	3.78605e-05
2.285	3.61285e-05
2.29	3.53829e-05
2.295	3.18504e-05
2.3	3.00335e-05
2.305	2.56233e-05
2.31	2.48061e-05
2.315	2.27546e-05
2.32	2.40537e-05
2.325	2.37943e-05
2.33	2.6235e-05
2.335	2.52559e-05
2.34	2.49911e-05
2.345	1.97351e-05
2.35	1.69571e-05
2.355	1.32145e-05
2.36	1.42308e-05
2.365	1.29501e-05
2.37	1.55327e-05
2.375	1.69372e-05
2.38	2.05346e-05
2.385	2.27756e-05
2.39	2.4128e-05
2.395	2.43444e-05
2.4	2.43024e-05
2.405	2.45055e-05
2.41	2.52046e-05
2.415	2.67032e-05
2.42	2.83668e-05
2.425	2.92419e-05
2.43	2.80571e-05
2.435	2.38768e-05
2.44	2.01396e-05
2.445	1.85667e-05
2.45	1.76277e-05
2.455	1.95564e-05
2.46	2.01519e-05
2.465	2.40166e-05
2.47	2.66697e-05
2.475	2.97361e-05
2.48	3.06095e-05
2.485	3.25891e-05
2.49	3.33091e-05
2.495	3.6331e-05
2.5	3.85668e-05
2.505	4.266e-05
2.51	4.5523e-05
2.515	4.88755e-05
2.52	4.83606e-05
2.525	4.69211e-05
2.53	4.35202e-05
2.535	4.42133e-05
2.54	4.46415e-05
2.545	4.69274e-05
2.55	4.83264e-05
2.555	4.99729e-05
2.56	5.12119e-05
2.565	4.92925e-05
2.57	4.71643e-05
2.575	4.17816e-05
2.58	3.79521e-05
2.585	3.32351e-05
2.59	3.05374e-05
2.595	2.74378e-05
2.6	2.72335e-05
2.605	2.52646e-05
2.61	2.47496e-05
2.615	1.95463e-05
2.62	1.70623e-05
2.625	1.36662e-05
2.63	1.51048e-05
2.635	1.43892e-05
2.64	1.7174e-05
2.645	1.84933e-05
2.65	2.19933e-05
2.655	2.35534e-05
2.66	2.47672e-05
2.665	2.41198e-05
2.67	2.47893e-05
2.675	2.40736e-05
2.68	2.56114e-05
2.685	2.61419e-05
2.69	2.85169e-05
2.695	2.88404e-05
2.7	2.86537e-05
2.705	2.43505e-05
2.71	2.09752e-05
2.715	1.74532e-05
2.72	1.79508e-05
2.725	1.77812e-05
2.73	1.97202e-05
2.735	2.22869e-05
2.74	2.5322e-05
2.745	2.8853e-05
2.75	2.89886e-05
2.755	3.08554e-05
2.76	2.9919e-05
2.765	3.16842e-05
2.77	3.21226e-05
2.775	3.57085e-05
2.78	3.74401e-05
2.785	4.22772e-05
2.79	4.22146e-05
2.795	4.31305e-05
2.8	4.00865e-05
2.805	4.13988e-05
2.81	4.13262e-05
2.815	4.49753e-05
2.82	4.72543e-05
2.825	5.22033e-05
2.83	5.63846e-05
2.835	6.07861e-05
2.84	6.31819e-05
2.845	6.46028e-05
2.85	6.53158e-05
2.855	6.49369e-05
2.86	6.44295e-05
2.865	6.42351e-05
2.87	6.20118e-05
2.875	6.05799e-05
2.88	5.55946e-05
2.885	4.90015e-05
2.89	3.93166e-05
2.895	3.26103e-05
2.9	2.69348e-05
2.905	2.30898e-05
2.91	2.07888e-05
2.915	1.91859e-05
2.92	2.05824e-05
2.925	2.12929e-05
2.93	2.29294e-05
2.935	2.18087e-05
2.94	2.25365e-05
2.945	2.0931e-05
2.95	2.22937e-05
2.955	2.20217e-05
2.96	2.44284e-05
2.965	2.52664e-05
2.97	2.65557e-05
2.975	2.27322e-05
2.98	1.98911e-05
2.985	1.59523e-05
2.99	1.66009e-05
2.995	1.53695e-05
3	1.73528e-05
3.005	1.82325e-05
3.01	2.09517e-05
3.015	2.30131e-05
3.02	2.3432e-05
3.025	2.38918e-05
3.03	2.29367e-05
3.035	2.34811e-05
3.04	2.33003e-05
3.045	2.52161e-05
3.05	2.60759e-05
3.055	2.85917e-05
3.06	2.80365e-05
3.065	2.66759e-05
3.07	2.21273e-05
3.075	2.02503e-05
3.08	1.80214e-05
3.085	2.03311e-05
3.09	2.10657e-05
3.095	2.52098e-05
3.1	2.80985e-05
3.105	3.2023e-05
3.11	3.45701e-05
3.115	3.65157e-05
3.12	3.74235e-05
3.125	3.9222e-05
3.13	4.08231e-05
3.135	4.35521e-05
3.14	4.63927e-05
3.145	4.97206e-05
3.15	5.14033e-05
3.155	5.08632e-05
3.16	4.75742e-05
3.165	4.57024e-05
3.17	4.56314e-05
3.175	4.62582e-05
3.18	4.8817e-05
3.185	5.03933e-05
3.19	5.41847e-05
3.195	5.65176e-05
3.2	5.8584e-05
3.205	5.79483e-05
3.21	5.84172e-05
3.215	5.7233e-05
3.22	5.78455e-05
3.225	5.6808e-05
3.23	5.85946e-05
3.235	5.73693e-05
3.24	5.73822e-05
3.245	5.23331e-05
3.25	4.75047e-05
3.255	4.07994e-05
3.26	3.84286e-05
3.265	3.48704e-05
3.27	3.4552e-05
3.275	3.32404e-05
3.28	3.42436e-05
3.285	3.47897e-05
3.29	3.4548e-05
3.295	3.448e-05
3.3	3.31038e-05
3.305	3.32027e-05
3.31	3.28822e-05
3.315	3.48955e-05
3.32	3.65983e-05
3.325	4.03816e-05
3.33	4.16742e-05
3.335	4.27346e-05
3.34	3.98082e-05
3.345	3.90699e-05
3.35	3.78018e-05
3.355	4.1227e-05
3.36	4.25186e-05
3.365	4.72753e-05
3.37	4.99388e-05
3.375	5.436e-05
3.38	5.58074e-05
3.385	5.62099e-05
3.39	5.38111e-05
3.395	5.22015e-05
3.4	4.79774e-05
3.405	4.59975e-05
3.41	4.25859e-05
3.415	4.16841e-05
3.42	3.82375e-05
3.425	3.53778e-05
3.43	2.78874e-05
3.435	2.3029e-05
3.44	1.7897e-05
3.445	1.79578e-05
3.45	1.65559e-05
3.455	1.9094e-05
3.46	2.04719e-05
3.465	2.34545e-05
3.47	2.52356e-05
3.475	2.56465e-05
3.48	2.58549e-05
3.485	2.57036e-05
3.49	2.67353e-05
3.495	2.71248e-05
3.5	2.8778e-05
3.505	2.95313e-05
3.51	3.04535e-05
3.515	2.8461e-05
3.52	2.4639e-05
3.525	1.98696e-05
3.53	1.77174e-05
3.535	1.62104e-05
3.54	1.80833e-05
3.545	1.84341e-05
3.55	2.1967e-05
3.555	2.41589e-05
3.56	2.65284e-05
3.565	2.66302e-05
3.57	2.67879e-05
3.575	2.50899e-05
3.58	2.51496e-05
3.585	2.44202e-05
3.59	2.58261e-05
3.595	2.69351e-05
3.6	2.88361e-05
3.605	2.79105e-05
3.61	2.54384e-05
3.615	2.08368e-05
3.62	1.97599e-05
3.625	1.977e-05
3.63	2.14479e-05
3.635	2.37423e-05
3.64	2.61081e-05
3.645	3.01898e-05
3.65	3.19258e-05
3.655	3.48474e-05
3.66	3.46684e-05
3.665	3.71849e-05
3.67	3.75197e-05
3.675	4.12737e-05
3.68	4.39639e-05
3.685	4.89716e-05
3.69	5.05555e-05
3.695	5.3282e-05
3.7	4.96317e-05
3.705	4.664e-05
3.71	4.07939e-05
3.715	3.92117e-05
3.72	3.48416e-05
3.725	3.3786e-05
3.73	3.10879e-05
3.735	3.09344e-05
3.74	2.98725e-05
3.745	2.81588e-05
3.75	2.62969e-05
3.755	2.49879e-05
3.76	2.44576e-05
3.765	2.45745e-05
3.77	2.56104e-05
3.775	2.6701e-05
3.78	2.77387e-05
3.785	2.73008e-05
3.79	2.38489e-05
3.795	1.94891e-05
3.8	1.61256e-05
3.805	1.42514e-05
3.81	1.52653e-05
3.815	1.50704e-05
3.82	1.83848e-05
3.825	2.05028e-05
3.83	2.40877e-05
3.835	2.50841e-05
3.84	2.61194e-05
3.845	2.48794e-05
3.85	2.53916e-05
3.855	2.45516e-05
3.86	2.61268e-05
3.865	2.68676e-05
3.87	2.93549e-05
3.875	2.87356e-05
3.88	2.68783e-05
3.885	2.13734e-05
3.89	1.93116e-05
3.895	1.78251e-05
3.9	1.91675e-05
3.905	2.06637e-05
3.91	2.37349e-05
3.915	2.80775e-05
3.92	3.08027e-05
3.925	3.45852e-05
3.93	3.38667e-05
3.935	3.63082e-05
3.94	3.61678e-05
3.945	3.91941e-05
3.95	4.07704e-05
3.955	4.48938e-05
3.96	4.64571e-05
3.965	4.97464e-05
3.97	4.73611e-05
3.975	4.61806e-05
3.98	4.21764e-05
3.985	4.26756e-05
3.99	4.03391e-05
3.995	4.03288e-05
4	3.80989e-05
4.005	3.73777e-05
4.01	3.52389e-05
4.015	3.23563e-05
4.02	2.91459e-05
4.025	2.57662e-05
4.03	2.31001e-05
4.035	2.168e-05
4.04	2.15867e-05
4.045	2.26046e-05
4.05	2.4269e-05
4.055	2.50075e-05
4.06	2.32084e-05
4.065	1.98337e-05
4.07	1.71852e-05
4.075	1.55995e-05
4.08	1.71539e-05
4.085	1.71084e-05
4.09	2.04436e-05
4.095	2.21725e-05
4.1	2.57395e-05
4.105	2.66632e-05
4.11	2.79759e-05
4.115	2.68323e-05
4.12	2.77511e-05
4.125	2.70567e-05
4.13	2.85588e-05
4.135	2.89125e-05
4.14	3.1282e-05
4.145	3.03298e-05
4.15	2.94735e-05
4.155	2.4327e-05
4.16	2.23864e-05
4.165	1.98191e-05
4.17	2.14344e-05
4.175	2.12523e-05
4.18	2.40961e-05
4.185	2.62205e-05
4.19	2.93431e-05
4.195	3.19467e-05
4.2	3.29461e-05
4.205	3.48139e-05
4.21	3.62078e-05
4.215	3.90146e-05
4.22	4.14376e-05
4.225	4.52111e-05
4.23	4.858e-05
4.235	5.20999e-05
4.24	5.24196e-05
4.245	5.18002e-05
4.25	5.05996e-05
4.255	5.26982e-05
4.26	5.33156e-05
4.265	5.64301e-05
4.27	5.75583e-05
4.275	5.94912e-05
4.28	5.87957e-05
4.285	5.74263e-05
4.29	5.32224e-05
4.295	4.91829e-05
4.3	4.37481e-05
4.305	4.06225e-05
4.31	3.63588e-05
4.315	3.49396e-05
4.32	3.23687e-05
4.325	3.11914e-05
4.33	2.60087e-05
4.335	2.10066e-05
4.34	1.48899e-05
4.345	1.38229e-05
4.35	1.1966e-05
4.355	1.37749e-05
4.36	1.43817e-05
4.365	1.76805e-05
4.37	1.99052e-05
4.375	2.17402e-05
4.38	2.28956e-05
4.385	2.23899e-05
4.39	2.29054e-05
4.395	2.30959e-05
4.4	2.44163e-05
4.405	2.52273e-05
4.41	2.70289e-05
4.415	2.70837e-05
4.42	2.59696e-05
4.425	2.16747e-05
4.43	1.73256e-05
4.435	1.39595e-05
4.44	1.41189e-05
4.445	1.29328e-05
4.45	1.55164e-05
4.455	1.68049e-05
4.46	2.03431e-05
4.465	2.24974e-05
4.47	2.33981e-05
4.475	2.3451e-05
4.48	2.33534e-05
4.485	2.30763e-05
4.49	2.37985e-05
4.495	2.49267e-05
4.5	2.69225e-05
4.505	2.81897e-05
4.51	2.77628e-05
4.515	2.40282e-05
4.52	2.02859e-05
4.525	1.84138e-05
4.53	1.75282e-05
4.535	1.94805e-05
4.54	2.02986e-05
4.545	2.43394e-05
4.55	2.74458e-05
4.555	3.111e-05
4.56	3.26945e-05
4.565	3.5073e-05
4.57	3.63698e-05
4.575	3.9941e-05
4.58	4.21779e-05
4.585	4.64054e-05
4.59	4.8817e-05
4.595	5.24526e-05
4.6	5.20754e-05
4.605	5.11845e-05
4.61	4.76228e-05
4.615	4.78181e-05
4.62	4.66988e-05
4.625	4.78076e-05
4.63	4.66761e-05
4.635	4.66938e-05
4.64	4.51916e-05
4.645	4.29261e-05
4.65	3.97116e-05
4.655	3.50446e-05
4.66	3.12957e-05
4.665	2.70791e-05
4.67	2.48492e-05
4.675	2.28514e-05
4.68	2.3082e-05
4.685	2.29947e-05
4.69	2.33132e-05
4.695	1.97143e-05
4.7	1.71143e-05
4.705	1.35362e-05
4.71	1.48532e-05
4.715	1.40911e-05
4.72	1.67789e-05
4.725	1.79505e-05
4.73	2.14723e-05
4.735	2.32267e-05
4.74	2.47877e-05
4.745	2.41867e-05
4.75	2.48839e-05
4.755	2.40675e-05
4.76	2.55597e-05
4.765	2.58286e-05
4.77	2.80171e-05
4.775	2.85235e-05
4.78	2.90547e-05
4.785	2.49021e-05
4.79	2.13704e-05
4.795	1.74409e-05
4.8	1.78512e-05
4.805	1.7471e-05
4.81	1.94101e-05
4.815	2.17852e-05
4.82	2.49791e-05
4.825	2.86939e-05
4.83	2.91754e-05
4.835	3.10562e-05
4.84	3.01524e-05
4.845	3.19023e-05
4.85	3.24529e-05
4.855	3.57732e-05
4.86	3.75147e-05
4.865	4.23661e-05
4.87	4.27057e-05
4.875	4.41576e-05
4.88	4.1072e-05
4.885	4.20074e-05
4.89	4.16463e-05
4.895	4.53449e-05
4.9	4.71044e-05
4.905	5.1991e-05
4.91	5.63223e-05
4.915	6.02141e-05
4.92	6.31774e-05
4.925	6.45833e-05
4.93	6.49334e-05
4.935	6.57222e-05
4.94	6.51011e-05
4.945	6.49711e-05
4.95	6.33144e-05
4.955	6.17879e-05
4.96	5.70036e-05
4.965	5.12154e-05
4.97	4.15535e-05
4.975	3.43292e-05
4.98	2.80368e-05
4.985	2.4048e-05
4.99	2.10654e-05
4.995	1.92545e-05
5	2.01936e-05
5.005	2.07449e-05
5.01	2.24921e-05
5.015	2.14561e-05
5.02	2.21363e-05
5.025	2.0509e-05
5.03	2.16966e-05
5.035	2.13727e-05
5.04	2.37786e-05
5.045	2.4509e-05
5.05	2.62097e-05
5.055	2.31633e-05
5.06	2.02989e-05
5.065	1.60588e-05
5.07	1.63886e-05
5.075	1.50007e-05
5.08	1.68256e-05
5.085	1.75884e-05
5.09	2.03021e-05
5.095	2.25333e-05
5.1	2.33434e-05
5.105	2.37742e-05
5.11	2.29821e-05
5.115	2.33413e-05
5.12	2.32119e-05
5.125	2.48671e-05
5.13	2.56335e-05
5.135	2.79603e-05
5.14	2.78589e-05
5.145	2.66046e-05
5.15	2.2222e-05
5.155	1.94053e-05
5.16	1.69242e-05
5.165	1.88287e-05
5.17	1.89882e-05
5.175	2.27467e-05
5.18	2.54893e-05
5.185	2.96428e-05
5.19	3.26516e-05
5.195	3.4647e-05
5.2	3.62053e-05
5.205	3.7444e-05
5.21	3.9329e-05
5.215	4.15234e-05
5.22	4.45358e-05
5.225	4.73672e-05
5.23	4.97017e-05
5.235	4.93516e-05
5.24	4.65897e-05
5.245	4.39776e-05
5.25	4.37953e-05
5.255	4.34093e-05
5.26	4.59536e-05
5.265	4.70898e-05
5.27	5.07297e-05
5.275	5.32473e-05
5.28	5.56157e-05
5.285	5.59155e-05
5.29	5.67897e-05
5.295	5.63569e-05
5.3	5.7588e-05
5.305	5.80138e-05
5.31	5.99063e-05
5.315	6.04483e-05
5.32	6.12057e-05
5.325	5.8796e-05
5.33	5.45965e-05
5.335	4.88544e-05
5.34	4.70353e-05
5.345	4.57737e-05
5.35	4.59038e-05
5.355	4.68474e-05
5.36	4.76399e-05
5.365	5.002e-05
5.37	4.97773e-05
5.375	5.0207e-05
5.38	4.7927e-05
5.385	4.76286e-05
5.39	4.53446e-05
5.395	4.6329e-05
5.4	4.65597e-05
5.405	4.93236e-05
5.41	4.94486e-05
5.415	5.05295e-05
5.42	4.63027e-05
5.425	4.43335e-05
5.43	4.12078e-05
5.435	4.26785e-05
5.44	4.21046e-05
5.445	4.52726e-05
5.45	4.69878e-05
5.455	5.11656e-05
5.46	5.33513e-05
5.465	5.49289e-05
5.47	6.4126e-05
5.475	5.19002e-05
5.48	5.31014e-05
5.485	5.33931e-05
5.49	5.1441e-05
5.495	5.11503e-05
5.5	4.76965e-05
5.505	4.47365e-05
5.51	3.66554e-05
5.515	2.98287e-05
5.52	2.23263e-05
5.525	1.98581e-05
5.53	1.62664e-05
5.535	1.69995e-05
5.54	1.7157e-05
5.545	1.99634e-05
5.55	2.13869e-05
5.555	2.19953e-05
5.56	2.20241e-05
5.565	2.18493e-05
5.57	2.21791e-05
5.575	2.27228e-05
5.58	2.42386e-05
5.585	2.55229e-05
5.59	2.63218e-05
5.595	2.48745e-05
5.6	2.05798e-05
5.605	1.60871e-05
5.61	1.36987e-05
5.615	1.20317e-05
5.62	1.32344e-05
5.625	1.28564e-05
5.63	1.6086e-05
5.635	1.79925e-05
5.64	2.12572e-05
5.645	2.19002e-05
5.65	2.33402e-05
5.655	2.2417e-05
5.66	2.33312e-05
5.665	2.30754e-05
5.67	2.51308e-05
5.675	2.60907e-05
5.68	2.85892e-05
5.685	2.78671e-05
5.69	2.57442e-05
5.695	2.01628e-05
5.7	1.84606e-05
5.705	1.69237e-05
5.71	1.81207e-05
5.715	1.91577e-05
5.72	2.16612e-05
5.725	2.5147e-05
5.73	2.70408e-05
5.735	2.98527e-05
5.74	2.89169e-05
5.745	3.11533e-05
5.75	3.17362e-05
5.755	3.50529e-05
5.76	3.71196e-05
5.765	4.177e-05
5.77	4.36064e-05
5.775	4.72748e-05
5.78	4.50429e-05
5.785	4.47399e-05
5.79	4.25378e-05
5.795	4.54245e-05
5.8	4.64982e-05
5.805	5.08341e-05
5.81	5.33547e-05
5.815	5.70118e-05
5.82	5.82943e-05
5.825	5.7437e-05
5.83	5.43382e-05
5.835	5.05599e-05
5.84	4.54145e-05
5.845	4.15259e-05
5.85	3.72631e-05
5.855	3.49618e-05
5.86	3.18966e-05
5.865	2.94171e-05
5.87	2.36488e-05
5.875	1.85441e-05
5.88	1.37859e-05
5.885	1.28493e-05
5.89	1.27045e-05
5.895	1.32517e-05
5.9	1.52996e-05
5.905	1.64585e-05
5.91	1.95659e-05
5.915	1.9153e-05
5.92	2.03242e-05
5.925	1.83675e-05
5.93	1.90716e-05
5.935	1.82805e-05
5.94	2.03842e-05
5.945	2.11372e-05
5.95	2.37847e-05
5.955	2.28883e-05
5.96	2.22277e-05
5.965	1.66331e-05
5.97	1.54714e-05
5.975	1.28573e-05
5.98	1.49345e-05
5.985	1.49612e-05
5.99	1.86348e-05
5.995	2.10838e-05
6	2.47152e-05
6.005	2.66894e-05
6.01	2.79492e-05
6.015	2.79931e-05
6.02	2.90476e-05
6.025	2.99128e-05
6.03	3.1932e-05
6.035	3.40143e-05
6.04	3.65975e-05
6.045	3.76296e-05
6.05	3.6588e-05
6.055	3.26021e-05
6.06	3.00624e-05
6.065	2.94288e-05
6.07	2.94983e-05
6.075	3.19444e-05
6.08	3.27371e-05
6.085	3.6179e-05
6.09	3.78856e-05
6.095	3.9821e-05
6.1	3.92036e-05
6.105	3.99433e-05
6.11	3.85531e-05
6.115	3.99275e-05
6.12	3.98373e-05
6.125	4.25064e-05
6.13	4.39065e-05
6.135	4.5977e-05
6.14	4.4165e-05
6.145	4.18096e-05
6.15	3.84847e-05
6.155	3.94679e-05
6.16	3.99795e-05
6.165	4.32146e-05
6.17	4.60199e-05
6.175	5.02066e-05
6.18	5.46002e-05
6.185	5.44022e-05
6.19	6.11732e-05
6.195	5.90131e-05
6.2	6.28104e-05
6.205	6.27507e-05
6.21	6.55699e-05
6.215	6.72097e-05
6.22	7.02899e-05
6.225	7.0533e-05
6.23	7.09891e-05
6.235	6.67441e-05
6.24	6.54005e-05
6.245	6.29521e-05
6.25	6.50367e-05
6.255	6.54519e-05
6.26	6.90507e-05
6.265	7.13897e-05
6.27	7.47448e-05
6.275	7.5956e-05
6.28	7.5955e-05
6.285	7.43494e-05
6.29	7.25111e-05
6.295	6.98433e-05
6.3	6.78648e-05
6.305	6.54852e-05
6.31	6.40245e-05
6.315	6.096e-05
6.32	5.70055e-05
6.325	4.93943e-05
6.33	4.27352e-05
6.335	3.68592e-05
6.34	3.29718e-05
6.345	3.03906e-05
6.35	2.78594e-05
6.355	2.80757e-05
6.36	2.75212e-05
6.365	2.84647e-05
6.37	2.67923e-05
6.375	2.70086e-05
6.38	2.46549e-05
6.385	2.56634e-05
6.39	2.5171e-05
6.395	2.7828e-05
6.4	2.86477e-05
6.405	3.11835e-05
6.41	2.93997e-05
6.415	2.80252e-05
6.42	2.32441e-05
6.425	2.38438e-05
6.43	2.25449e-05
6.435	2.54674e-05
6.44	2.63242e-05
6.445	3.0401e-05
6.45	3.33475e-05
6.455	3.65513e-05
6.46	3.88594e-05
6.465	3.9962e-05
6.47	4.13443e-05
6.475	4.26328e-05
6.48	4.49322e-05
6.485	4.75096e-05
6.49	5.07966e-05
6.495	5.32191e-05
6.5	5.36319e-05
6.505	5.09956e-05
6.51	4.69609e-05
6.515	4.39029e-05
6.52	4.32137e-05
6.525	4.133e-05
6.53	4.24233e-05
6.535	4.19069e-05
6.54	4.34825e-05
6.545	4.34785e-05
6.55	4.30297e-05
6.555	4.04452e-05
6.56	3.94642e-05
6.565	3.69758e-05
6.57	3.65644e-05
6.575	3.51877e-05
6.58	3.55715e-05
6.585	3.48336e-05
6.59	3.42254e-05
6.595	2.9446e-05
6.6	2.5871e-05
6.605	2.22868e-05
6.61	2.28012e-05
6.615	2.29072e-05
6.62	2.4682e-05
6.625	2.68948e-05
6.63	2.91759e-05
6.635	3.26104e-05
6.64	3.29949e-05
6.645	3.57597e-05
6.65	3.54481e-05
6.655	3.84171e-05
6.66	3.98873e-05
6.665	4.3942e-05
6.67	4.60603e-05
6.675	5.06549e-05
6.68	5.12154e-05
6.685	5.25494e-05
6.69	4.9553e-05
6.695	5.08104e-05
6.7	5.06766e-05
6.705	5.41002e-05
6.71	5.46661e-05
6.715	5.7274e-05
6.72	5.7028e-05
6.725	5.6306e-05
6.73	5.54568e-05
6.735	5.14184e-05
6.74	4.63193e-05
6.745	4.30549e-05
6.75	3.87894e-05
6.755	3.70711e-05
6.76	3.56601e-05
6.765	3.52684e-05
6.77	3.28248e-05
6.775	2.95009e-05
6.78	2.3184e-05
6.785	2.07817e-05
6.79	1.81162e-05
6.795	1.94925e-05
6.8	1.93612e-05
6.805	2.22232e-05
6.81	2.41702e-05
6.815	2.66309e-05
6.82	2.82762e-05
6.825	2.80397e-05
6.83	2.87911e-05
6.835	2.84425e-05
6.84	2.98179e-05
6.845	2.99587e-05
6.85	3.1743e-05
6.855	3.13233e-05
6.86	3.18064e-05
6.865	2.80123e-05
6.87	2.42971e-05
6.875	1.98342e-05
6.88	2.00677e-05
6.885	1.88529e-05
6.89	2.11385e-05
6.895	2.20599e-05
6.9	2.51884e-05
6.905	2.71086e-05
6.91	2.7839e-05
6.915	2.77575e-05
6.92	2.67011e-05
6.925	2.59512e-05
6.93	2.53604e-05
6.935	2.61053e-05
6.94	2.74639e-05
6.945	2.94748e-05
6.95	3.01768e-05
6.955	2.89162e-05
6.96	2.55378e-05
6.965	2.33118e-05
6.97	2.19644e-05
6.975	2.40994e-05
6.98	2.45114e-05
6.985	2.8431e-05
6.99	3.07587e-05
6.995	3.52526e-05
7	3.71412e-05
7.005	3.97425e-05
7.01	4.00943e-05
7.015	4.24375e-05
7.02	4.29358e-05
7.025	4.59075e-05
7.03	4.73026e-05
7.035	5.02996e-05
7.04	4.91925e-05
7.045	4.73721e-05
7.05	4.02066e-05
7.055	3.53979e-05
7.06	2.97675e-05
7.065	2.83496e-05
7.07	2.52395e-05
7.075	2.56836e-05
7.08	2.54421e-05
7.085	2.66138e-05
7.09	2.71921e-05
7.095	2.63636e-05
7.1	2.6143e-05
7.105	2.55245e-05
7.11	2.63194e-05
7.115	2.67568e-05
7.12	2.81845e-05
7.125	2.90721e-05
7.13	2.94182e-05
7.135	2.71188e-05
7.14	2.27926e-05
7.145	1.86184e-05
7.15	1.72384e-05
7.155	1.63639e-05
7.16	1.84543e-05
7.165	1.92422e-05
7.17	2.27343e-05
7.175	2.52762e-05
7.18	2.69936e-05
7.185	2.70574e-05
7.19	2.69e-05
7.195	2.56388e-05
7.2	2.56101e-05
7.205	2.55873e-05
7.21	2.6997e-05
7.215	2.83128e-05
7.22	2.95134e-05
7.225	2.78521e-05
7.23	2.44789e-05
7.235	2.06362e-05
7.24	1.94437e-05
7.245	2.05033e-05
7.25	2.12931e-05
7.255	2.44396e-05
7.26	2.63251e-05
7.265	3.02966e-05
7.27	3.21224e-05
7.275	3.43689e-05
7.28	3.45892e-05
7.285	3.68274e-05
7.29	3.75031e-05
7.295	4.14462e-05
7.3	4.42753e-05
7.305	4.94022e-05
7.31	5.13132e-05
7.315	5.29945e-05
7.32	4.85139e-05
7.325	4.59486e-05
7.33	4.1126e-05
7.335	3.98737e-05
7.34	3.58833e-05
7.345	3.49859e-05
7.35	3.25838e-05
7.355	3.2166e-05
7.36	3.09177e-05
7.365	2.88516e-05
7.37	2.66915e-05
7.375	2.56324e-05
7.38	2.50884e-05
7.385	2.5317e-05
7.39	2.64706e-05
7.395	2.76315e-05
7.4	2.82678e-05
7.405	2.71208e-05
7.41	2.28358e-05
7.415	1.84713e-05
7.42	1.59065e-05
7.425	1.45384e-05
7.43	1.59366e-05
7.435	1.62554e-05
7.44	1.99591e-05
7.445	2.23095e-05
7.45	2.52233e-05
7.455	2.58901e-05
7.46	2.64414e-05
7.465	2.51822e-05
7.47	2.56424e-05
7.475	2.50466e-05
7.48	2.64997e-05
7.485	2.76906e-05
7.49	2.95832e-05
7.495	2.83675e-05
7.5	2.55478e-05
7.505	2.0439e-05
7.51	1.89383e-05
7.515	1.84354e-05
7.52	1.97686e-05
7.525	2.21527e-05
7.53	2.4801e-05
7.535	2.94232e-05
7.54	3.1409e-05
7.545	3.39472e-05
7.55	3.34209e-05
7.555	3.52259e-05
7.56	3.53698e-05
7.565	3.86042e-05
7.57	4.04425e-05
7.575	4.48267e-05
7.58	4.64794e-05
7.585	4.91486e-05
7.59	4.62991e-05
7.595	4.48758e-05
7.6	4.12398e-05
7.605	4.19241e-05
7.61	3.96797e-05
7.615	3.97807e-05
7.62	3.75684e-05
7.625	3.67567e-05
7.63	3.44014e-05
7.635	3.13347e-05
7.64	2.74524e-05
7.645	2.44206e-05
7.65	2.16305e-05
7.655	2.03907e-05
7.66	2.01993e-05
7.665	2.12233e-05
7.67	2.23061e-05
7.675	2.25809e-05
7.68	1.97233e-05
7.685	1.65681e-05
7.69	1.42666e-05
7.695	1.39944e-05
7.7	1.53728e-05
7.705	1.63349e-05
7.71	1.97077e-05
7.715	2.1684e-05
7.72	2.51064e-05
7.725	2.53715e-05
7.73	2.67653e-05
7.735	2.52946e-05
7.74	2.63778e-05
7.745	2.57177e-05
7.75	2.7699e-05
7.755	2.84781e-05
7.76	3.06785e-05
7.765	2.90446e-05
7.77	2.76473e-05
7.775	2.16642e-05
7.78	2.04174e-05
7.785	1.77858e-05
7.79	1.95411e-05
7.795	1.93765e-05
7.8	2.23925e-05
7.805	2.43936e-05
7.81	2.6809e-05
7.815	2.83848e-05
7.82	2.8577e-05
7.825	2.93588e-05
7.83	3.0121e-05
7.835	3.25534e-05
7.84	3.55425e-05
7.845	3.98415e-05
7.85	4.34271e-05
7.855	4.64233e-05
7.86	4.62117e-05
7.865	4.55657e-05
7.87	4.51359e-05
7.875	4.81121e-05
7.88	4.95277e-05
7.885	5.38449e-05
7.89	5.60534e-05
7.895	5.97071e-05
7.9	6.04705e-05
7.905	5.92968e-05
7.91	5.64781e-05
7.915	5.21845e-05
7.92	4.61717e-05
7.925	4.20782e-05
7.93	3.69781e-05
7.935	3.4461e-05
7.94	3.13307e-05
7.945	2.8963e-05
7.95	2.30322e-05
7.955	1.81391e-05
7.96	1.30976e-05
7.965	1.28252e-05
7.97	1.1526e-05
7.975	1.29432e-05
7.98	1.34621e-05
7.985	1.58919e-05
7.99	1.7517e-05
7.995	1.82125e-05
8	1.85896e-05
8.005	1.7918e-05
8.01	1.80407e-05
8.015	1.82864e-05
8.02	1.94621e-05
8.025	2.0735e-05
8.03	2.26732e-05
8.035	2.28952e-05
8.04	2.13238e-05
8.045	1.7283e-05
8.05	1.49144e-05
8.055	1.29496e-05
8.06	1.50811e-05
8.065	1.52852e-05
8.07	1.88015e-05
8.075	2.07905e-05
8.08	2.39349e-05
8.085	2.4814e-05
8.09	2.54458e-05
8.095	2.43404e-05
8.1	2.50974e-05
8.105	2.45938e-05
8.11	2.62007e-05
8.115	2.68387e-05
8.12	2.91655e-05
8.125	2.87272e-05
8.13	2.76465e-05
8.135	2.28078e-05
8.14	2.07285e-05
8.145	1.91371e-05
8.15	2.06468e-05
8.155	2.15515e-05
8.16	2.38259e-05
8.165	2.64989e-05
8.17	2.85267e-05
8.175	3.09074e-05
8.18	3.00814e-05
8.185	3.15004e-05
8.19	3.10839e-05
8.195	3.3849e-05
8.2	3.6067e-05
8.205	4.10059e-05
8.21	4.41543e-05
8.215	4.85841e-05
8.22	4.81116e-05
8.225	4.83739e-05
8.23	4.60793e-05
8.235	4.88906e-05
8.24	4.99589e-05
8.245	5.42039e-05
8.25	5.61857e-05
8.255	6.00891e-05
8.26	6.15293e-05
8.265	6.13902e-05
8.27	5.83819e-05
8.275	5.46482e-05
8.28	4.90031e-05
8.285	4.47805e-05
8.29	3.96785e-05
8.295	3.7102e-05
8.3	3.42153e-05
8.305	3.26428e-05
8.31	2.78013e-05
8.315	2.29489e-05
8.32	1.72233e-05
8.325	1.66854e-05
8.33	1.58065e-05
8.335	1.78747e-05
8.34	1.8978e-05
8.345	2.18181e-05
8.35	2.41022e-05
8.355	2.53942e-05
8.36	2.64316e-05
8.365	2.59845e-05
8.37	2.68572e-05
8.375	2.67239e-05
8.38	2.83977e-05
8.385	2.87984e-05
8.39	3.06875e-05
8.395	2.99668e-05
8.4	2.86848e-05
8.405	2.38196e-05
8.41	2.00859e-05
8.415	1.67116e-05
8.42	1.80272e-05
8.425	1.72607e-05
8.43	2.03684e-05
8.435	2.20704e-05
8.44	2.5495e-05
8.445	2.66338e-05
8.45	2.74081e-05
8.455	2.61438e-05
8.46	2.57854e-05
8.465	2.46228e-05
8.47	2.51894e-05
8.475	2.58815e-05
8.48	2.80775e-05
8.485	2.88198e-05
8.49	2.86607e-05
8.495	2.4998e-05
8.5	2.22384e-05
8.505	2.07125e-05
8.51	2.16827e-05
8.515	2.34417e-05
8.52	2.53015e-05
8.525	2.92464e-05
8.53	3.17669e-05
8.535	3.56098e-05
8.54	3.66671e-05
8.545	3.92402e-05
8.55	3.932e-05
8.555	4.23531e-05
8.56	4.39192e-05
8.565	4.7995e-05
8.57	4.99616e-05
8.575	5.28415e-05
8.58	5.07734e-05
8.585	4.79097e-05
8.59	4.03297e-05
8.595	3.67639e-05
8.6	3.13366e-05
8.605	2.98887e-05
8.61	2.65551e-05
8.615	2.67705e-05
8.62	2.59697e-05
8.625	2.61474e-05
8.63	2.52423e-05
8.635	2.40872e-05
8.64	2.30793e-05
8.645	2.29806e-05
8.65	2.33879e-05
8.655	2.44682e-05
8.66	2.57862e-05
8.665	2.67563e-05
8.67	2.58945e-05
8.675	2.2922e-05
8.68	1.81008e-05
8.685	1.51028e-05
8.69	1.42852e-05
8.695	1.35423e-05
8.7	1.56102e-05
8.705	1.62908e-05
8.71	2.01415e-05
8.715	2.2284e-05
8.72	2.46554e-05
8.725	2.4056e-05
8.73	2.49987e-05
8.735	2.37352e-05
8.74	2.50058e-05
8.745	2.51705e-05
8.75	2.75781e-05
8.755	2.84853e-05
8.76	2.93119e-05
8.765	2.54113e-05
8.77	2.18433e-05
8.775	1.79873e-05
8.78	1.82666e-05
8.785	1.81985e-05
8.79	2.02673e-05
8.795	2.30783e-05
8.8	2.61687e-05
8.805	3.0335e-05
8.81	3.13858e-05
8.815	3.44794e-05
8.82	3.50188e-05
8.825	3.84079e-05
8.83	4.01805e-05
8.835	4.42645e-05
8.84	4.60993e-05
8.845	5.00166e-05
8.85	4.96766e-05
8.855	4.98852e-05
8.86	4.55819e-05
8.865	4.53213e-05
8.87	4.3796e-05
8.875	4.5692e-05
8.88	4.49964e-05
8.885	4.61359e-05
8.89	4.50413e-05
8.895	4.40741e-05
8.9	4.08011e-05
8.905	3.71646e-05
8.91	3.24621e-05
8.915	2.92626e-05
8.92	2.57479e-05
8.925	2.44621e-05
8.93	2.3665e-05
8.935	2.46306e-05
8.94	2.4045e-05
8.945	2.23243e-05
8.95	1.75663e-05
8.955	1.5702e-05
8.96	1.46466e-05
8.965	1.54452e-05
8.97	1.69487e-05
8.975	1.83772e-05
8.98	2.19412e-05
8.985	2.34767e-05
8.99	2.5737e-05
8.995	2.50114e-05
9	2.60333e-05
9.005	2.45754e-05
9.01	2.60457e-05
9.015	2.62586e-05
9.02	2.87921e-05
9.025	2.88406e-05
9.03	3.0398e-05
9.035	2.63942e-05
9.04	2.38249e-05
9.045	1.90376e-05
9.05	1.97696e-05
9.055	1.86214e-05
9.06	2.11712e-05
9.065	2.23881e-05
9.07	2.60381e-05
9.075	2.88164e-05
9.08	3.05873e-05
9.085	3.1271e-05
9.09	3.20094e-05
9.095	3.2393e-05
9.1	3.38634e-05
9.105	3.6107e-05
9.11	3.96894e-05
9.115	4.34812e-05
9.12	4.63891e-05
9.125	4.62978e-05
9.13	4.47455e-05
9.135	4.35522e-05
9.14	4.42056e-05
9.145	4.74239e-05
9.15	4.94446e-05
9.155	5.4212e-05
9.16	5.75579e-05
9.165	6.18574e-05
9.17	6.2995e-05
9.175	6.31078e-05
9.18	6.02908e-05
9.185	5.85401e-05
9.19	5.43167e-05
9.195	5.25005e-05
9.2	4.90914e-05
9.205	4.76239e-05
9.21	4.31264e-05
9.215	3.85799e-05
9.22	2.95513e-05
9.225	2.36226e-05
9.23	1.70718e-05
9.235	1.55854e-05
9.24	1.27574e-05
9.245	1.43595e-05
9.25	1.52324e-05
9.255	1.789e-05
9.26	1.91646e-05
9.265	1.93278e-05
9.27	1.89602e-05
9.275	1.87471e-05
9.28	1.89004e-05
9.285	1.98278e-05
9.29	2.10086e-05
9.295	2.24067e-05
9.3	2.28898e-05
9.305	2.13663e-05
9.31	1.70838e-05
9.315	1.35227e-05
9.32	1.20674e-05
9.325	1.13294e-05
9.33	1.33338e-05
9.335	1.36053e-05
9.34	1.69539e-05
9.345	1.87878e-05
9.35	2.09192e-05
9.355	2.03214e-05
9.36	2.06772e-05
9.365	1.8879e-05
9.37	1.97148e-05
9.375	1.94641e-05
9.38	2.1471e-05
9.385	2.23942e-05
9.39	2.42191e-05
9.395	2.222e-05
9.4	1.91032e-05
9.405	1.38833e-05
9.41	1.32988e-05
9.415	1.20825e-05
9.42	1.35621e-05
9.425	1.45069e-05
9.43	1.67767e-05
9.435	1.96195e-05
9.44	2.04335e-05
9.445	2.22727e-05
9.45	2.1082e-05
9.455	2.22335e-05
9.46	2.2153e-05
9.465	2.42058e-05
9.47	2.49556e-05
9.475	2.84362e-05
9.48	2.9028e-05
9.485	3.0416e-05
9.49	2.68359e-05
9.495	2.55968e-05
9.5	2.36555e-05
9.505	2.70572e-05
9.51	2.8645e-05
9.515	3.37716e-05
9.52	3.78649e-05
9.525	4.37794e-05
9.53	4.82657e-05
9.535	5.22257e-05
9.54	5.49041e-05
9.545	5.85031e-05
9.55	6.14102e-05
9.555	6.55209e-05
9.56	6.86474e-05
9.565	7.26099e-05
9.57	7.44431e-05
9.575	7.50508e-05
9.58	7.18657e-05
9.585	6.86221e-05
9.59	6.59181e-05
9.595	6.45178e-05
9.6	6.38706e-05
9.605	6.15437e-05
9.61	6.00652e-05
9.615	5.61063e-05
9.62	5.19487e-05
9.625	4.55349e-05
9.63	3.94711e-05
9.635	3.20754e-05
9.64	2.79119e-05
9.645	2.42005e-05
9.65	2.4668e-05
9.655	2.50253e-05
9.66	2.73841e-05
9.665	2.5943e-05
9.67	2.47772e-05
9.675	1.95465e-05
9.68	1.83874e-05
9.685	1.65177e-05
9.69	1.83172e-05
9.695	1.85688e-05
9.7	2.21184e-05
9.705	2.43802e-05
9.71	2.77405e-05
9.715	2.88703e-05
9.72	3.02589e-05
9.725	2.99681e-05
9.73	3.16222e-05
9.735	3.25583e-05
9.74	3.55562e-05
9.745	3.75642e-05
9.75	4.11006e-05
9.755	4.12914e-05
9.76	4.05444e-05
9.765	3.60858e-05
9.77	3.48827e-05
9.775	3.33097e-05
9.78	3.40385e-05
9.785	3.3549e-05
9.79	3.37541e-05
9.795	3.38862e-05
9.8	3.23108e-05
9.805	3.08277e-05
9.81	2.64753e-05
9.815	2.41229e-05
9.82	2.09937e-05
9.825	2.04883e-05
9.83	1.96715e-05
9.835	2.16872e-05
9.84	2.18052e-05
9.845	2.29388e-05
9.85	1.91876e-05
9.855	1.6477e-05
9.86	1.24064e-05
9.865	1.3673e-05
9.87	1.27613e-05
9.875	1.5615e-05
9.88	1.6982e-05
9.885	2.04718e-05
9.89	2.2979e-05
9.895	2.39527e-05
9.9	2.41376e-05
9.905	2.41442e-05
9.91	2.43196e-05
9.915	2.48286e-05
9.92	2.6128e-05
9.925	2.73631e-05
9.93	2.86348e-05
9.935	2.82967e-05
9.94	2.5104e-05
9.945	2.0773e-05
9.95	1.78576e-05
9.955	1.65266e-05
9.96	1.7893e-05
9.965	1.80366e-05
9.97	2.14732e-05
9.975	2.35754e-05
9.98	2.6872e-05
9.985	2.75341e-05
9.99	2.87122e-05
9.995	2.76301e-05
10	2.86355e-05
10.005	2.85912e-05
10.01	3.16068e-05
10.015	3.45737e-05
10.02	3.95039e-05
10.025	4.17235e-05
10.03	4.32244e-05
10.035	4.08035e-05
10.04	4.19775e-05
10.045	4.28597e-05
10.05	4.70682e-05
10.055	5.00016e-05
10.06	5.49199e-05
10.065	5.87069e-05
10.07	6.17997e-05
10.075	6.37279e-05
10.08	6.18752e-05
10.085	6.0302e-05
10.09	5.6299e-05
10.095	5.28059e-05
10.1	4.81323e-05
10.105	4.46813e-05
10.11	4.01571e-05
10.115	3.67305e-05
10.12	2.95627e-05
10.125	2.34739e-05
10.13	1.6759e-05
10.135	1.60553e-05
10.14	1.44607e-05
10.145	1.68925e-05
10.15	1.81179e-05
10.155	2.14356e-05
10.16	2.3588e-05
10.165	2.45095e-05
10.17	2.51102e-05
10.175	2.46637e-05
10.18	2.54613e-05
10.185	2.55538e-05
10.19	2.70362e-05
10.195	2.78096e-05
10.2	2.92783e-05
10.205	2.85492e-05
10.21	2.62828e-05
10.215	2.14078e-05
10.22	1.79881e-05
10.225	1.49804e-05
10.23	1.64276e-05
10.235	1.59758e-05
10.24	1.94108e-05
10.245	2.14701e-05
10.25	2.4898e-05
10.255	2.58172e-05
10.26	2.65965e-05
10.265	2.51054e-05
10.27	2.49104e-05
10.275	2.37983e-05
10.28	2.48869e-05
10.285	2.56275e-05
10.29	2.8126e-05
10.295	2.81961e-05
10.3	2.71723e-05
10.305	2.25804e-05
10.31	2.00828e-05
10.315	1.82366e-05
10.32	1.9586e-05
10.325	2.10566e-05
10.33	2.40733e-05
10.335	2.79396e-05
10.34	3.10835e-05
10.345	3.42383e-05
10.35	3.43679e-05
10.355	3.62941e-05
10.36	3.6542e-05
10.365	3.94754e-05
10.37	4.10988e-05
10.375	4.55556e-05
10.38	4.76723e-05
10.385	5.16382e-05
10.39	5.00325e-05
10.395	4.85212e-05
10.4	4.33418e-05
10.405	4.21859e-05
10.41	3.83141e-05
10.415	3.73318e-05
10.42	3.41498e-05
10.425	3.33442e-05
10.43	3.15677e-05
10.435	2.96019e-05
10.44	2.70414e-05
10.445	2.40045e-05
10.45	2.18396e-05
10.455	2.07118e-05
10.46	2.07902e-05
10.465	2.13685e-05
10.47	2.27459e-05
10.475	2.29107e-05
10.48	2.1722e-05
10.485	1.77477e-05
10.49	1.42709e-05
10.495	1.18168e-05
10.5	1.27475e-05
10.505	1.18545e-05
10.51	1.42668e-05
10.515	1.49044e-05
10.52	1.79923e-05
10.525	1.87529e-05
10.53	2.02783e-05
10.535	1.91749e-05
10.54	2.02503e-05
10.545	1.92206e-05
10.55	2.10877e-05
10.555	2.19208e-05
10.56	2.48707e-05
10.565	2.59114e-05
10.57	2.61721e-05
10.575	2.14694e-05
10.58	1.85449e-05
10.585	1.54381e-05
10.59	1.62339e-05
10.595	1.61418e-05
10.6	1.81588e-05
10.605	2.05465e-05
10.61	2.2927e-05
10.615	2.57375e-05
10.62	2.54978e-05
10.625	2.69077e-05
10.63	2.60582e-05
10.635	2.80371e-05
10.64	2.82684e-05
10.645	3.1052e-05
10.65	3.14332e-05
10.655	3.44019e-05
10.66	3.20228e-05
10.665	3.06566e-05
10.67	2.61537e-05
10.675	2.69295e-05
10.68	2.65475e-05
10.685	3.03752e-05
10.69	3.30558e-05
10.695	3.85015e-05
10.7	4.32425e-05
10.705	4.70618e-05
10.71	5.05155e-05
10.715	5.15797e-05
10.72	5.4018e-05
10.725	5.49527e-05
10.73	5.79315e-05
10.735	5.99209e-05
10.74	6.40136e-05
10.745	6.5421e-05
10.75	6.72805e-05
10.755	6.43218e-05
10.76	6.27148e-05
10.765	5.99195e-05
10.77	6.17922e-05
10.775	6.13674e-05
10.78	6.38955e-05
10.785	6.4925e-05
10.79	6.75784e-05
10.795	6.78083e-05
10.8	6.98619e-05
10.805	6.76179e-05
10.81	6.67939e-05
10.815	6.46566e-05
10.82	6.38871e-05
10.825	6.23879e-05
10.83	6.24882e-05
10.835	6.07618e-05
10.84	5.8604e-05
10.845	5.25316e-05
10.85	4.64579e-05
10.855	3.99863e-05
10.86	3.63223e-05
10.865	3.3246e-05
10.87	3.1088e-05
10.875	3.07658e-05
10.88	3.0088e-05
10.885	3.17456e-05
10.89	3.05138e-05
10.895	3.13619e-05
10.9	2.98384e-05
10.905	3.10708e-05
10.91	3.06084e-05
10.915	3.26479e-05
10.92	3.30395e-05
10.925	3.49057e-05
10.93	3.23132e-05
10.935	3.00389e-05
10.94	2.25699e-05
10.945	2.02169e-05
10.95	1.63053e-05
10.955	1.75844e-05
10.96	1.70853e-05
10.965	2.04284e-05
10.97	2.24479e-05
10.975	2.50458e-05
10.98	2.65369e-05
10.985	2.62131e-05
10.99	2.60519e-05
10.995	2.51619e-05
11	2.54099e-05
11.005	2.58284e-05
11.01	2.738e-05
11.015	2.84929e-05
11.02	2.90314e-05
11.025	2.63768e-05
11.03	2.26116e-05
11.035	1.92518e-05
11.04	1.95741e-05
11.045	1.89978e-05
11.05	2.2136e-05
11.055	2.36755e-05
11.06	2.79218e-05
11.065	3.03986e-05
11.07	3.31394e-05
11.075	3.33464e-05
11.08	3.54098e-05
11.085	3.58364e-05
11.09	3.88085e-05
11.095	4.07049e-05
11.1	4.49041e-05
11.105	4.74395e-05
11.11	5.03048e-05
11.115	4.85391e-05
11.12	4.5669e-05
11.125	4.0722e-05
11.13	3.90243e-05
11.135	3.60571e-05
11.14	3.47309e-05
11.145	3.27401e-05
11.15	3.14605e-05
11.155	3.07486e-05
11.16	2.80799e-05
11.165	2.65132e-05
11.17	2.31807e-05
11.175	2.23955e-05
11.18	2.12715e-05
11.185	2.24643e-05
11.19	2.24094e-05
11.195	2.47823e-05
11.2	2.36822e-05
11.205	2.33442e-05
11.21	1.81223e-05
11.215	1.58171e-05
11.22	1.25737e-05
11.225	1.40426e-05
11.23	1.2851e-05
11.235	1.53278e-05
11.24	1.63899e-05
11.245	1.94513e-05
11.25	2.10857e-05
11.255	2.21038e-05
11.26	2.22231e-05
11.265	2.26003e-05
11.27	2.31662e-05
11.275	2.43919e-05
11.28	2.61853e-05
11.285	2.8035e-05
11.29	2.89032e-05
11.295	2.75655e-05
11.3	2.32781e-05
11.305	1.96518e-05
11.31	1.83248e-05
11.315	1.73762e-05
11.32	1.94095e-05
11.325	1.99544e-05
11.33	2.37551e-05
11.335	2.61889e-05
11.34	2.88428e-05
11.345	2.92959e-05
11.35	3.07683e-05
11.355	3.07983e-05
11.36	3.30758e-05
11.365	3.45862e-05
11.37	3.8229e-05
11.375	4.09321e-05
11.38	4.4427e-05
11.385	4.41653e-05
11.39	4.34141e-05
11.395	4.1027e-05
11.4	4.28699e-05
11.405	4.44366e-05
11.41	4.81171e-05
11.415	5.1596e-05
11.42	5.5629e-05
11.425	5.95639e-05
11.43	6.06632e-05
11.435	6.09717e-05
11.44	5.84967e-05
11.445	5.61857e-05
11.45	5.17137e-05
11.455	4.87206e-05
11.46	4.42253e-05
11.465	4.23798e-05
11.47	3.73479e-05
11.475	3.39461e-05
11.48	2.51002e-05
11.485	1.99301e-05
11.49	1.42031e-05
11.495	1.43104e-05
11.5	1.28136e-05
11.505	1.50733e-05
11.51	1.5738e-05
11.515	1.85149e-05
11.52	1.94643e-05
11.525	2.0113e-05
11.53	1.89881e-05
11.535	1.91904e-05
11.54	1.81758e-05
11.545	1.94291e-05
11.55	2.01129e-05
11.555	2.268e-05
11.56	2.32749e-05
11.565	2.32288e-05
11.57	1.94046e-05
11.575	1.68681e-05
11.58	1.44649e-05
11.585	1.57506e-05
11.59	1.65314e-05
11.595	1.92308e-05
11.6	2.23897e-05
11.605	2.53423e-05
11.61	2.90659e-05
11.615	2.93244e-05
11.62	3.12991e-05
11.625	3.07368e-05
11.63	3.30152e-05
11.635	3.36312e-05
11.64	3.71532e-05
11.645	3.83803e-05
11.65	4.19203e-05
11.655	4.05445e-05
11.66	3.94604e-05
11.665	3.42989e-05
11.67	3.37581e-05
11.675	3.1204e-05
11.68	3.27478e-05
11.685	3.28259e-05
11.69	3.59084e-05
11.695	3.80564e-05
11.7	4.02436e-05
11.705	4.16857e-05
11.71	4.16445e-05
11.715	4.19851e-05
11.72	4.21253e-05
11.725	4.32346e-05
11.73	4.45763e-05
11.735	4.69117e-05
11.74	4.86832e-05
11.745	4.95318e-05
11.75	4.77472e-05
11.755	4.58596e-05
11.76	4.50055e-05
11.765	4.75647e-05
11.77	4.89325e-05
11.775	5.36853e-05
11.78	5.69562e-05
11.785	6.23525e-05
11.79	6.55274e-05
11.795	6.83046e-05
11.8	6.87276e-05
11.805	7.08338e-05
11.81	7.0808e-05
11.815	7.28029e-05
11.82	7.3424e-05
11.825	7.6054e-05
11.83	7.63177e-05
11.835	7.65316e-05
11.84	7.143e-05
11.845	6.63415e-05
11.85	5.96097e-05
11.855	5.59973e-05
11.86	5.0412e-05
11.865	4.71086e-05
11.87	4.23345e-05
11.875	3.93078e-05
11.88	3.55959e-05
11.885	3.12372e-05
11.89	2.76424e-05
11.895	2.4391e-05
11.9	2.34036e-05
11.905	2.29369e-05
11.91	2.38293e-05
11.915	2.47784e-05
11.92	2.64233e-05
11.925	2.57989e-05
11.93	2.38888e-05
11.935	1.93414e-05
11.94	1.69362e-05
11.945	1.44804e-05
11.95	1.5833e-05
11.955	1.51474e-05
11.96	1.77279e-05
11.965	1.86132e-05
11.97	2.13631e-05
11.975	2.14078e-05
11.98	2.21379e-05
11.985	2.05498e-05
11.99	2.12467e-05
11.995	2.0649e-05
12	2.29845e-05
12.005	2.41334e-05
12.01	2.77327e-05
12.015	2.84631e-05
12.02	2.88244e-05
12.025	2.47918e-05
12.03	2.43664e-05
12.035	2.30929e-05
12.04	2.59865e-05
12.045	2.73336e-05
12.05	3.1569e-05
12.055	3.50361e-05
12.06	3.90614e-05
12.065	4.21179e-05
12.07	4.31682e-05
12.075	4.47748e-05
12.08	4.5674e-05
12.085	4.7899e-05
12.09	4.95736e-05
12.095	5.20739e-05
12.1	5.35987e-05
12.105	5.43004e-05
12.11	5.13433e-05
12.115	4.61897e-05
12.12	4.01592e-05
12.125	3.68047e-05
12.13	3.26861e-05
12.135	3.18339e-05
12.14	2.95421e-05
12.145	3.00272e-05
12.15	2.96982e-05
12.155	2.88714e-05
12.16	2.77292e-05
12.165	2.57518e-05
12.17	2.44949e-05
12.175	2.38547e-05
12.18	2.43246e-05
12.185	2.53055e-05
12.19	2.72651e-05
12.195	2.77375e-05
12.2	2.6772e-05
12.205	2.28813e-05
12.21	1.98535e-05
12.215	1.76023e-05
12.22	1.88701e-05
12.225	1.82918e-05
12.23	2.15685e-05
12.235	2.352e-05
12.24	2.78919e-05
12.245	2.9891e-05
12.25	3.27508e-05
12.255	3.32136e-05
12.26	3.60993e-05
12.265	3.74226e-05
12.27	4.07681e-05
12.275	4.2589e-05
12.28	4.63976e-05
12.285	4.78458e-05
12.29	4.85918e-05
12.295	4.49004e-05
12.3	4.35862e-05
12.305	4.12937e-05
12.31	4.3061e-05
12.315	4.26909e-05
12.32	4.46949e-05
12.325	4.47025e-05
12.33	4.49919e-05
12.335	4.35091e-05
12.34	3.98662e-05
12.345	3.63758e-05
12.35	3.22788e-05
12.355	2.9486e-05
12.36	2.71732e-05
12.365	2.6482e-05
12.37	2.60291e-05
12.375	2.65474e-05
12.38	2.51415e-05
12.385	2.19961e-05
12.39	1.78203e-05
12.395	1.69682e-05
12.4	1.57464e-05
12.405	1.80065e-05
12.41	1.87602e-05
12.415	2.21876e-05
12.42	2.44713e-05
12.425	2.69216e-05
12.43	2.73998e-05
12.435	2.80606e-05
12.44	2.72384e-05
12.445	2.80128e-05
12.45	2.77813e-05
12.455	2.91571e-05
12.46	2.98202e-05
12.465	3.13359e-05
12.47	2.9651e-05
12.475	2.66692e-05
12.48	2.17377e-05
12.485	2.08916e-05
12.49	2.05995e-05
12.495	2.18413e-05
12.5	2.34469e-05
12.505	2.53541e-05
12.51	2.9036e-05
12.515	3.02939e-05
12.52	3.26597e-05
12.525	3.21734e-05
12.53	3.44663e-05
12.535	3.52719e-05
12.54	3.892e-05
12.545	4.09704e-05
12.55	4.59462e-05
12.555	4.75448e-05
12.56	5.10767e-05
12.565	4.86948e-05
12.57	4.90698e-05
12.575	4.79443e-05
12.58	5.15928e-05
12.585	5.25283e-05
12.59	5.6335e-05
12.595	5.74715e-05
12.6	5.96485e-05
12.605	5.88337e-05
12.61	5.65583e-05
12.615	5.23083e-05
12.62	4.86852e-05
12.625	4.32218e-05
12.63	4.06527e-05
12.635	3.69903e-05
12.64	3.61877e-05
12.645	3.37922e-05
12.65	3.17203e-05
12.655	2.55186e-05
12.66	2.07834e-05
12.665	1.58352e-05
12.67	1.6061e-05
12.675	1.51754e-05
12.68	1.76562e-05
12.685	1.90528e-05
12.69	2.21438e-05
12.695	2.43917e-05
12.7	2.48141e-05
12.705	2.56942e-05
12.71	2.51351e-05
12.715	2.61817e-05
12.72	2.61808e-05
12.725	2.8217e-05
12.73	2.83484e-05
12.735	3.02936e-05
12.74	2.85752e-05
12.745	2.60707e-05
12.75	2.05318e-05
12.755	1.81819e-05
12.76	1.53014e-05
12.765	1.71059e-05
12.77	1.71595e-05
12.775	2.0819e-05
12.78	2.29999e-05
12.785	2.5541e-05
12.79	2.66869e-05
12.795	2.61539e-05
12.8	2.56086e-05
12.805	2.4594e-05
12.81	2.47524e-05
12.815	2.53138e-05
12.82	2.72271e-05
12.825	2.82087e-05
12.83	2.88381e-05
12.835	2.60301e-05
12.84	2.25452e-05
12.845	1.93843e-05
12.85	2.028e-05
12.855	1.99834e-05
12.86	2.34018e-05
12.865	2.53598e-05
12.87	2.9761e-05
12.875	3.24244e-05
12.88	3.51639e-05
12.885	3.56689e-05
12.89	3.78809e-05
12.895	3.86704e-05
12.9	4.18814e-05
12.905	4.39349e-05
12.91	4.80553e-05
12.915	5.03939e-05
12.92	5.26871e-05
12.925	4.9996e-05
12.93	4.61335e-05
12.935	4.01743e-05
12.94	3.74266e-05
12.945	3.36442e-05
12.95	3.17e-05
12.955	2.95553e-05
12.96	2.84715e-05
12.965	2.81716e-05
12.97	2.59535e-05
12.975	2.50733e-05
12.98	2.23491e-05
12.985	2.22918e-05
12.99	2.16868e-05
12.995	2.31654e-05
13	2.32055e-05
13.005	2.56296e-05
13.01	2.44201e-05
13.015	2.38119e-05
13.02	1.84741e-05
13.025	1.61753e-05
13.03	1.26772e-05
13.035	1.38459e-05
13.04	1.27368e-05
13.045	1.55364e-05
13.05	1.69547e-05
13.055	2.0408e-05
13.06	2.23863e-05
13.065	2.346e-05
13.07	2.38428e-05
13.075	2.39706e-05
13.08	2.41307e-05
13.085	2.52291e-05
13.09	2.65973e-05
13.095	2.85476e-05
13.1	2.90099e-05
13.105	2.75852e-05
13.11	2.3039e-05
13.115	1.95206e-05
13.12	1.82616e-05
13.125	1.7599e-05
13.13	1.96546e-05
13.135	2.04532e-05
13.14	2.42217e-05
13.145	2.68584e-05
13.15	2.96533e-05
13.155	3.01161e-05
13.16	3.19803e-05
13.165	3.25745e-05
13.17	3.54296e-05
13.175	3.74697e-05
13.18	4.15992e-05
13.185	4.45436e-05
13.19	4.79941e-05
13.195	4.74303e-05
13.2	4.62266e-05
13.205	4.33809e-05
13.21	4.46681e-05
13.215	4.56432e-05
13.22	4.8744e-05
13.225	5.11991e-05
13.23	5.39616e-05
13.235	5.6052e-05
13.24	5.46827e-05
13.245	5.29556e-05
13.25	4.73961e-05
13.255	4.3679e-05
13.26	3.82687e-05
13.265	3.54255e-05
13.27	3.10904e-05
13.275	3.0443e-05
13.28	2.67504e-05
13.285	2.50545e-05
13.29	1.86165e-05
13.295	1.5832e-05
13.3	1.21635e-05
13.305	1.34026e-05
13.31	1.25901e-05
13.315	1.52056e-05
13.32	1.66492e-05
13.325	1.96308e-05
13.33	2.10888e-05
13.335	2.18355e-05
13.34	2.12629e-05
13.345	2.13612e-05
13.35	2.13388e-05
13.355	2.24069e-05
13.36	2.33509e-05
13.365	2.51009e-05
13.37	2.54289e-05
13.375	2.46603e-05
13.38	1.98865e-05
13.385	1.66421e-05
13.39	1.40673e-05
13.395	1.40869e-05
13.4	1.44961e-05
13.405	1.54656e-05
13.41	1.8522e-05
13.415	2.05048e-05
13.42	2.38083e-05
13.425	2.42752e-05
13.43	2.64064e-05
13.435	2.57587e-05
13.44	2.81982e-05
13.445	2.87267e-05
13.45	3.22185e-05
13.455	3.39996e-05
13.46	3.74374e-05
13.465	3.59177e-05
13.47	3.48929e-05
13.475	3.04258e-05
13.48	3.11462e-05
13.485	3.04421e-05
13.49	3.39707e-05
13.495	3.56266e-05
13.5	4.03526e-05
13.505	4.36843e-05
13.51	4.73183e-05
13.515	4.88772e-05
13.52	5.07511e-05
13.525	5.11342e-05
13.53	5.30042e-05
13.535	5.37828e-05
13.54	5.58911e-05
13.545	5.7045e-05
13.55	5.88769e-05
13.555	5.73699e-05
13.56	4.61736e-05
13.565	5.89258e-05
13.57	5.24525e-05
13.575	5.15487e-05
13.58	5.32533e-05
13.585	5.60437e-05
13.59	5.90711e-05
13.595	6.36809e-05
13.6	6.59249e-05
13.605	6.87735e-05
13.61	6.81486e-05
13.615	6.92485e-05
13.62	6.88839e-05
13.625	7.05508e-05
13.63	7.07124e-05
13.635	7.35758e-05
13.64	7.32152e-05
13.645	7.48631e-05
13.65	7.08475e-05
13.655	6.91904e-05
13.66	6.51799e-05
13.665	6.59947e-05
13.67	6.48261e-05
13.675	6.67256e-05
13.68	6.62083e-05
13.685	6.90149e-05
13.69	6.79763e-05
13.695	6.64487e-05
13.7	6.2124e-05
13.705	5.86326e-05
13.71	5.32321e-05
13.715	4.99805e-05
13.72	4.54666e-05
13.725	4.31993e-05
13.73	3.94269e-05
13.735	3.61055e-05
13.74	2.89223e-05
13.745	2.27871e-05
13.75	1.69023e-05
13.755	1.63453e-05
13.76	1.53337e-05
13.765	1.74883e-05
13.77	1.88864e-05
13.775	2.18416e-05
13.78	2.42841e-05
13.785	2.47363e-05
13.79	2.54983e-05
13.795	2.45822e-05
13.8	2.54472e-05
13.805	2.53349e-05
13.81	2.73933e-05
13.815	2.76299e-05
13.82	2.97493e-05
13.825	2.83682e-05
13.83	2.6098e-05
13.835	2.03062e-05
13.84	1.73518e-05
13.845	1.41231e-05
13.85	1.57438e-05
13.855	1.54696e-05
13.86	1.9027e-05
13.865	2.1407e-05
13.87	2.42959e-05
13.875	2.5949e-05
13.88	2.56898e-05
13.885	2.54707e-05
13.89	2.46544e-05
13.895	2.48426e-05
13.9	2.52135e-05
13.905	2.67947e-05
13.91	2.77146e-05
13.915	2.85498e-05
13.92	2.59276e-05
13.925	2.21671e-05
13.93	1.81779e-05
13.935	1.79742e-05
13.94	1.67545e-05
13.945	1.92863e-05
13.95	2.0781e-05
13.955	2.52814e-05
13.96	2.79709e-05
13.965	3.11632e-05
13.97	3.18031e-05
13.975	3.33539e-05
13.98	3.30529e-05
13.985	3.53597e-05
13.99	3.6772e-05
13.995	4.04394e-05
14	4.30611e-05
14.005	4.63217e-05
14.01	4.54855e-05
14.015	4.3818e-05
14.02	4.02584e-05
14.025	4.01092e-05
14.03	3.88996e-05
14.035	3.88266e-05
14.04	3.7802e-05
14.045	3.67683e-05
14.05	3.59042e-05
14.055	3.27201e-05
14.06	3.03101e-05
14.065	2.58099e-05
14.07	2.36872e-05
14.075	2.13803e-05
14.08	2.14967e-05
14.085	2.09801e-05
14.09	2.29602e-05
14.095	2.20051e-05
14.1	2.1621e-05
14.105	1.65158e-05
14.11	1.41141e-05
14.115	1.09616e-05
14.12	1.25683e-05
14.125	1.1989e-05
14.13	1.46473e-05
14.135	1.5794e-05
14.14	1.84369e-05
14.145	1.96308e-05
14.15	1.98715e-05
14.155	1.9449e-05
14.16	1.90819e-05
14.165	1.87966e-05
14.17	1.97298e-05
14.175	2.11094e-05
14.18	2.30989e-05
14.185	2.41538e-05
14.19	2.32114e-05
14.195	1.9058e-05
14.2	1.55951e-05
14.205	1.40748e-05
14.21	1.33985e-05
14.215	1.52629e-05
14.22	1.54585e-05
14.225	1.89021e-05
14.23	2.1036e-05
14.235	2.3559e-05
14.24	2.35085e-05
14.245	2.46736e-05
14.25	2.38e-05
14.255	2.53756e-05
14.26	2.55637e-05
14.265	2.77566e-05
14.27	2.86195e-05
14.275	3.03422e-05
14.28	2.80747e-05
14.285	2.48995e-05
14.29	1.96472e-05
14.295	1.94234e-05
14.3	1.90141e-05
14.305	2.17986e-05
14.31	2.44334e-05
14.315	2.88816e-05
14.32	3.38714e-05
14.325	3.7059e-05
14.33	4.06225e-05
14.335	4.16869e-05
14.34	4.47233e-05
14.345	4.6197e-05
14.35	5.04852e-05
14.355	5.35653e-05
14.36	5.91339e-05
14.365	6.17741e-05
14.37	6.48951e-05
14.375	6.28668e-05
14.38	6.30878e-05
14.385	6.20104e-05
14.39	6.47419e-05
14.395	6.74888e-05
14.4	7.1343e-05
14.405	7.42327e-05
14.41	7.87686e-05
14.415	8.06129e-05
14.42	8.17512e-05
14.425	8.02597e-05
14.43	7.89379e-05
14.435	7.65743e-05
14.44	7.62673e-05
14.445	7.40779e-05
14.45	7.3167e-05
14.455	6.99579e-05
14.46	6.52102e-05
14.465	5.51886e-05
14.47	4.60651e-05
14.475	3.56084e-05
14.48	2.95916e-05
14.485	2.21308e-05
14.49	1.93895e-05
14.495	1.67244e-05
14.5	1.84539e-05
