0	0
0.005	0
0.01	0
0.015	0
0.02	2.8537e-06
0.025	8.49299e-06
0.03	1.16302e-05
0.035	1.20511e-05
0.04	1.21057e-05
0.045	1.22052e-05
0.05	1.22197e-05
0.055	1.23233e-05
0.06	1.24889e-05
0.065	1.25061e-05
0.07	1.26974e-05
0.075	1.27316e-05
0.08	1.29139e-05
0.085	1.28771e-05
0.09	1.3005e-05
0.095	1.29459e-05
0.1	1.30092e-05
0.105	1.28639e-05
0.11	1.28584e-05
0.115	1.26885e-05
0.12	1.26404e-05
0.125	1.24011e-05
0.13	1.23197e-05
0.135	1.20909e-05
0.14	1.20033e-05
0.145	1.17356e-05
0.15	1.16403e-05
0.155	1.13964e-05
0.16	1.13034e-05
0.165	1.10167e-05
0.17	1.09148e-05
0.175	1.06495e-05
0.18	1.05382e-05
0.185	1.02587e-05
0.19	1.01314e-05
0.195	9.85649e-06
0.2	9.73245e-06
0.205	9.45131e-06
0.21	9.33534e-06
0.215	9.05669e-06
0.22	8.95074e-06
0.225	8.6893e-06
0.23	8.6131e-06
0.235	8.38222e-06
0.24	8.31309e-06
0.245	8.16572e-06
0.25	8.13316e-06
0.255	8.00087e-06
0.26	8.00461e-06
0.265	7.92422e-06
0.27	7.92933e-06
0.275	7.84975e-06
0.28	7.83155e-06
0.285	7.70063e-06
0.29	7.62109e-06
0.295	7.39654e-06
0.3	7.23242e-06
0.305	6.93659e-06
0.31	6.71726e-06
0.315	6.43204e-06
0.32	6.23725e-06
0.325	6.035e-06
0.33	5.94076e-06
0.335	5.85632e-06
0.34	5.91265e-06
0.345	5.94495e-06
0.35	6.12239e-06
0.355	6.20627e-06
0.36	6.4347e-06
0.365	6.50074e-06
0.37	6.71818e-06
0.375	6.76067e-06
0.38	6.96907e-06
0.385	7.01827e-06
0.39	7.25024e-06
0.395	7.33201e-06
0.4	7.58624e-06
0.405	7.66676e-06
0.41	7.86628e-06
0.415	7.84884e-06
0.42	7.87683e-06
0.425	7.60305e-06
0.43	7.34258e-06
0.435	6.87148e-06
0.44	6.4169e-06
0.445	5.89157e-06
0.45	5.49769e-06
0.455	5.10337e-06
0.46	4.86374e-06
0.465	4.66762e-06
0.47	4.64906e-06
0.475	4.65884e-06
0.48	4.86647e-06
0.485	4.99994e-06
0.49	5.30559e-06
0.495	5.43366e-06
0.5	5.66902e-06
0.505	5.6789e-06
0.51	5.82317e-06
0.515	5.7877e-06
0.52	5.93898e-06
0.525	5.96837e-06
0.53	6.21651e-06
0.535	6.36288e-06
0.54	6.71382e-06
0.545	6.93081e-06
0.55	7.2922e-06
0.555	7.39325e-06
0.56	7.54828e-06
0.565	7.30479e-06
0.57	7.07059e-06
0.575	6.50612e-06
0.58	6.06034e-06
0.585	5.52955e-06
0.59	5.19758e-06
0.595	4.89573e-06
0.6	4.75913e-06
0.605	4.72041e-06
0.61	4.84329e-06
0.615	5.01026e-06
0.62	5.38548e-06
0.625	5.6959e-06
0.63	6.16601e-06
0.635	6.42467e-06
0.64	6.75908e-06
0.645	6.84946e-06
0.65	7.0501e-06
0.655	7.05281e-06
0.66	7.24142e-06
0.665	7.31045e-06
0.67	7.60254e-06
0.675	7.79176e-06
0.68	8.19043e-06
0.685	8.44974e-06
0.69	8.87643e-06
0.695	8.98027e-06
0.7	9.17886e-06
0.705	8.94968e-06
0.71	8.6721e-06
0.715	8.00813e-06
0.72	7.41145e-06
0.725	6.68416e-06
0.73	6.18391e-06
0.735	5.69332e-06
0.74	5.42474e-06
0.745	5.20992e-06
0.75	5.16702e-06
0.755	5.21192e-06
0.76	5.47373e-06
0.765	5.74367e-06
0.77	6.18496e-06
0.775	6.46941e-06
0.78	6.83307e-06
0.785	6.96481e-06
0.79	7.1931e-06
0.795	7.21156e-06
0.8	7.39323e-06
0.805	7.41964e-06
0.81	7.65005e-06
0.815	7.76793e-06
0.82	8.09289e-06
0.825	8.31155e-06
0.83	8.70624e-06
0.835	8.90954e-06
0.84	9.18073e-06
0.845	9.11149e-06
0.85	8.96187e-06
0.855	8.45242e-06
0.86	7.932e-06
0.865	7.19849e-06
0.87	6.68426e-06
0.875	6.18525e-06
0.88	5.91445e-06
0.885	5.70543e-06
0.89	5.69415e-06
0.895	5.77104e-06
0.9	6.06251e-06
0.905	6.42852e-06
0.91	7.00521e-06
0.915	7.48556e-06
0.92	8.10655e-06
0.925	8.51508e-06
0.93	9.02784e-06
0.935	9.34728e-06
0.94	9.84192e-06
0.945	1.02116e-05
0.95	1.08211e-05
0.955	1.13574e-05
0.96	1.2156e-05
0.965	1.28817e-05
0.97	1.38489e-05
0.975	1.46819e-05
0.98	1.56637e-05
0.985	1.63017e-05
0.99	1.69803e-05
0.995	1.7172e-05
1	1.72826e-05
1.005	1.69989e-05
1.01	1.67825e-05
1.015	1.64329e-05
1.02	1.61799e-05
1.025	1.59e-05
1.03	1.56508e-05
1.035	1.5348e-05
1.04	1.50905e-05
1.045	1.47996e-05
1.05	1.45802e-05
1.055	1.42461e-05
1.06	1.39352e-05
1.065	1.34188e-05
1.07	1.29066e-05
1.075	1.21451e-05
1.08	1.14943e-05
1.085	1.0673e-05
1.09	1.00405e-05
1.095	9.40915e-06
1.1	8.94473e-06
1.105	8.53823e-06
1.11	8.32401e-06
1.115	8.13428e-06
1.12	8.09167e-06
1.125	7.91797e-06
1.13	7.84784e-06
1.135	7.43672e-06
1.14	7.02218e-06
1.145	6.2681e-06
1.15	5.59805e-06
1.155	4.82699e-06
1.16	4.31025e-06
1.165	3.83262e-06
1.17	3.5791e-06
1.175	3.35364e-06
1.18	3.30082e-06
1.185	3.3077e-06
1.19	3.49729e-06
1.195	3.71265e-06
1.2	4.08792e-06
1.205	4.29969e-06
1.21	4.60697e-06
1.215	4.67647e-06
1.22	4.84269e-06
1.225	4.80321e-06
1.23	4.93462e-06
1.235	4.9316e-06
1.24	5.14761e-06
1.245	5.28698e-06
1.25	5.64961e-06
1.255	5.92293e-06
1.26	6.39248e-06
1.265	6.68506e-06
1.27	7.09015e-06
1.275	7.16175e-06
1.28	7.19673e-06
1.285	6.75841e-06
1.29	6.30832e-06
1.295	5.57623e-06
1.3	5.01083e-06
1.305	4.4275e-06
1.31	4.07053e-06
1.315	3.77897e-06
1.32	3.64681e-06
1.325	3.60389e-06
1.33	3.75852e-06
1.335	3.97922e-06
1.34	4.41039e-06
1.345	4.73598e-06
1.35	5.19355e-06
1.355	5.41501e-06
1.36	5.69633e-06
1.365	5.74777e-06
1.37	5.9215e-06
1.375	5.92446e-06
1.38	6.13836e-06
1.385	6.24995e-06
1.39	6.61293e-06
1.395	6.88454e-06
1.4	7.38428e-06
1.405	7.74402e-06
1.41	8.26536e-06
1.415	8.46331e-06
1.42	8.73986e-06
1.425	8.56658e-06
1.43	8.35169e-06
1.435	7.77663e-06
1.44	7.3435e-06
1.445	6.81763e-06
1.45	6.56073e-06
1.455	6.35625e-06
1.46	6.35667e-06
1.465	6.47787e-06
1.47	6.76062e-06
1.475	7.13979e-06
1.48	7.76333e-06
1.485	8.38457e-06
1.49	9.18759e-06
1.495	9.8238e-06
1.5	1.05558e-05
1.505	1.10675e-05
1.51	1.16919e-05
1.515	1.21212e-05
1.52	1.2734e-05
1.525	1.31996e-05
1.53	1.38723e-05
1.535	1.4427e-05
1.54	1.51986e-05
1.545	1.58249e-05
1.55	1.66079e-05
1.555	1.71767e-05
1.56	1.78085e-05
1.565	1.79965e-05
1.57	1.81787e-05
1.575	1.79303e-05
1.58	1.76532e-05
1.585	1.72209e-05
1.59	1.69486e-05
1.595	1.66893e-05
1.6	1.66178e-05
1.605	1.66053e-05
1.61	1.67341e-05
1.615	1.69343e-05
1.62	1.73237e-05
1.625	1.77185e-05
1.63	1.82894e-05
1.635	1.87106e-05
1.64	1.92035e-05
1.645	1.94439e-05
1.65	1.9733e-05
1.655	1.97822e-05
1.66	1.99418e-05
1.665	1.99203e-05
1.67	2.00836e-05
1.675	2.01153e-05
1.68	2.03471e-05
1.685	2.04584e-05
1.69	2.07545e-05
1.695	2.08659e-05
1.7	2.10768e-05
1.705	2.09649e-05
1.71	2.08338e-05
1.715	2.02449e-05
1.72	1.95977e-05
1.725	1.87142e-05
1.73	1.793e-05
1.735	1.71098e-05
1.74	1.65324e-05
1.745	1.60044e-05
1.75	1.56512e-05
1.755	1.5387e-05
1.76	1.52717e-05
1.765	1.52522e-05
1.77	1.54079e-05
1.775	1.55302e-05
1.78	1.57651e-05
1.785	1.58188e-05
1.79	1.59307e-05
1.795	1.58184e-05
1.8	1.5825e-05
1.805	1.56512e-05
1.81	1.5657e-05
1.815	1.55367e-05
1.82	1.56283e-05
1.825	1.55968e-05
1.83	1.576e-05
1.835	1.57657e-05
1.84	1.59049e-05
1.845	1.57684e-05
1.85	1.56621e-05
1.855	1.51247e-05
1.86	1.4513e-05
1.865	1.34991e-05
1.87	1.25292e-05
1.875	1.14158e-05
1.88	1.05241e-05
1.885	9.65572e-06
1.89	8.99958e-06
1.895	8.41546e-06
1.9	7.99895e-06
1.905	7.68673e-06
1.91	7.59842e-06
1.915	7.53874e-06
1.92	7.66565e-06
1.925	7.68199e-06
1.93	7.79625e-06
1.935	7.70139e-06
1.94	7.71664e-06
1.945	7.54266e-06
1.95	7.54921e-06
1.955	7.44352e-06
1.96	7.57478e-06
1.965	7.62417e-06
1.97	7.91887e-06
1.975	8.1149e-06
1.98	8.50158e-06
1.985	8.7092e-06
1.99	9.02372e-06
1.995	8.94954e-06
2	8.88281e-06
2.005	8.37802e-06
2.01	7.85499e-06
2.015	7.09054e-06
2.02	6.51981e-06
2.025	5.95017e-06
2.03	5.61055e-06
2.035	5.3373e-06
2.04	5.21242e-06
2.045	5.20351e-06
2.05	5.3637e-06
2.055	5.60483e-06
2.06	6.0578e-06
2.065	6.4162e-06
2.07	6.90125e-06
2.075	7.17736e-06
2.08	7.52708e-06
2.085	7.66147e-06
2.09	7.94834e-06
2.095	8.08747e-06
2.1	8.44676e-06
2.105	8.69926e-06
2.11	9.20365e-06
2.115	9.60927e-06
2.12	1.02287e-05
2.125	1.07289e-05
2.13	1.14081e-05
2.135	1.17688e-05
2.14	1.22202e-05
2.145	1.2279e-05
2.15	1.23041e-05
2.155	1.20043e-05
2.16	1.18652e-05
2.165	1.16825e-05
2.17	1.17454e-05
2.175	1.18965e-05
2.18	1.22637e-05
2.185	1.27322e-05
2.19	1.34079e-05
2.195	1.41698e-05
2.2	1.5162e-05
2.205	1.61315e-05
2.21	1.72478e-05
2.215	1.81684e-05
2.22	1.91247e-05
2.225	1.97935e-05
2.23	2.05229e-05
2.235	2.09844e-05
2.24	2.15419e-05
2.245	2.19003e-05
2.25	2.23899e-05
2.255	2.26822e-05
2.26	2.31464e-05
2.265	2.33909e-05
2.27	2.37201e-05
2.275	2.37479e-05
2.28	2.374e-05
2.285	2.32671e-05
2.29	2.26064e-05
2.295	2.15188e-05
2.3	2.03066e-05
2.305	1.88166e-05
2.31	1.75274e-05
2.315	1.61744e-05
2.32	1.50081e-05
2.325	1.38341e-05
2.33	1.28356e-05
2.335	1.19118e-05
2.34	1.11534e-05
2.345	1.0461e-05
2.35	9.95599e-06
2.355	9.36271e-06
2.36	8.89762e-06
2.365	8.23941e-06
2.37	7.7205e-06
2.375	7.04635e-06
2.38	6.5764e-06
2.385	6.11066e-06
2.39	5.88591e-06
2.395	5.68113e-06
2.4	5.81198e-06
2.405	5.92329e-06
2.41	6.30061e-06
2.415	6.56202e-06
2.42	6.9569e-06
2.425	7.05193e-06
2.43	7.13133e-06
2.435	6.7469e-06
2.44	6.31225e-06
2.445	5.56777e-06
2.45	4.95546e-06
2.455	4.28139e-06
2.46	3.80977e-06
2.465	3.40531e-06
2.47	3.16069e-06
2.475	3.00259e-06
2.48	3.04186e-06
2.485	3.15242e-06
2.49	3.47935e-06
2.495	3.74372e-06
2.5	4.14531e-06
2.505	4.34791e-06
2.51	4.61241e-06
2.515	4.63372e-06
2.52	4.77779e-06
2.525	4.74296e-06
2.53	4.9014e-06
2.535	4.93913e-06
2.54	5.20769e-06
2.545	5.37694e-06
2.55	5.77111e-06
2.555	6.03583e-06
2.56	6.47074e-06
2.565	6.59203e-06
2.57	6.80231e-06
2.575	6.56654e-06
2.58	6.26204e-06
2.585	5.56422e-06
2.59	4.94259e-06
2.595	4.20136e-06
2.6	3.70893e-06
2.605	3.25574e-06
2.61	3.03078e-06
2.615	2.85057e-06
2.62	2.86389e-06
2.625	2.95728e-06
2.63	3.25368e-06
2.635	3.55348e-06
2.64	4.00725e-06
2.645	4.30671e-06
2.65	4.67274e-06
2.655	4.79184e-06
2.66	5.00539e-06
2.665	5.01339e-06
2.67	5.20145e-06
2.675	5.26249e-06
2.68	5.5573e-06
2.685	5.77057e-06
2.69	6.22463e-06
2.695	6.58221e-06
2.7	7.14244e-06
2.705	7.49801e-06
2.71	7.96654e-06
2.715	8.08396e-06
2.72	8.14153e-06
2.725	7.79831e-06
2.73	7.44033e-06
2.735	6.85595e-06
2.74	6.46516e-06
2.745	6.12789e-06
2.75	5.99863e-06
2.755	5.97929e-06
2.76	6.10648e-06
2.765	6.37724e-06
2.77	6.84317e-06
2.775	7.42641e-06
2.78	8.20765e-06
2.785	8.93611e-06
2.79	9.80488e-06
2.795	1.04412e-05
2.8	1.11889e-05
2.805	1.1713e-05
2.81	1.23605e-05
2.815	1.28772e-05
2.82	1.3565e-05
2.825	1.41641e-05
2.83	1.49629e-05
2.835	1.56715e-05
2.84	1.65491e-05
2.845	1.72807e-05
2.85	1.81088e-05
2.855	1.85977e-05
2.86	1.90846e-05
2.865	1.91354e-05
2.87	1.90733e-05
2.875	1.8686e-05
2.88	1.8387e-05
2.885	1.80493e-05
2.89	1.78939e-05
2.895	1.78097e-05
2.9	1.78451e-05
2.905	1.80105e-05
2.91	1.82727e-05
2.915	1.86519e-05
2.92	1.91719e-05
2.925	1.96644e-05
2.93	2.02623e-05
2.935	2.06463e-05
2.94	2.10596e-05
2.945	2.12297e-05
2.95	2.14704e-05
2.955	2.14892e-05
2.96	2.16592e-05
2.965	2.16694e-05
2.97	2.18675e-05
2.975	2.1925e-05
2.98	2.21768e-05
2.985	2.22583e-05
2.99	2.24808e-05
2.995	2.24655e-05
3	2.24618e-05
3.005	2.2064e-05
3.01	2.1601e-05
3.015	2.07366e-05
3.02	1.98979e-05
3.025	1.88965e-05
3.03	1.81031e-05
3.035	1.73332e-05
3.04	1.67691e-05
3.045	1.62774e-05
3.05	1.59501e-05
3.055	1.57174e-05
3.06	1.56919e-05
3.065	1.57181e-05
3.07	1.59224e-05
3.075	1.59832e-05
3.08	1.61723e-05
3.085	1.61345e-05
3.09	1.61813e-05
3.095	1.60288e-05
3.1	1.6038e-05
3.105	1.59066e-05
3.11	1.59996e-05
3.115	1.59974e-05
3.12	1.62343e-05
3.125	1.63642e-05
3.13	1.66995e-05
3.135	1.6866e-05
3.14	1.71604e-05
3.145	1.70886e-05
3.15	1.70588e-05
3.155	1.66158e-05
3.16	1.61235e-05
3.165	1.54497e-05
3.17	1.49066e-05
3.175	1.43783e-05
3.18	1.40668e-05
3.185	1.38538e-05
3.19	1.3782e-05
3.195	1.38054e-05
3.2	1.40092e-05
3.205	1.42578e-05
3.21	1.47073e-05
3.215	1.50537e-05
3.22	1.55171e-05
3.225	1.5761e-05
3.23	1.60424e-05
3.235	1.60596e-05
3.24	1.61737e-05
3.245	1.60542e-05
3.25	1.60943e-05
3.255	1.59627e-05
3.26	1.5989e-05
3.265	1.58634e-05
3.27	1.58858e-05
3.275	1.57135e-05
3.28	1.56521e-05
3.285	1.52889e-05
3.29	1.49346e-05
3.295	1.41256e-05
3.3	1.32822e-05
3.305	1.20459e-05
3.31	1.09035e-05
3.315	9.66066e-06
3.32	8.68132e-06
3.325	7.76085e-06
3.33	7.08048e-06
3.335	6.50461e-06
3.34	6.12702e-06
3.345	5.86291e-06
3.35	5.86428e-06
3.355	5.88874e-06
3.36	6.0954e-06
3.365	6.18291e-06
3.37	6.36e-06
3.375	6.31681e-06
3.38	6.38503e-06
3.385	6.26278e-06
3.39	6.32624e-06
3.395	6.26216e-06
3.4	6.43284e-06
3.405	6.51614e-06
3.41	6.83954e-06
3.415	7.05602e-06
3.42	7.46241e-06
3.425	7.67907e-06
3.43	7.98839e-06
3.435	7.89192e-06
3.44	7.78676e-06
3.445	7.28214e-06
3.45	6.76366e-06
3.455	6.03093e-06
3.46	5.52131e-06
3.465	5.02209e-06
3.47	4.74393e-06
3.475	4.54717e-06
3.48	4.49435e-06
3.485	4.53254e-06
3.49	4.76575e-06
3.495	5.05648e-06
3.5	5.53574e-06
3.505	5.91768e-06
3.51	6.41929e-06
3.515	6.71388e-06
3.52	7.09234e-06
3.525	7.28501e-06
3.53	7.64228e-06
3.535	7.8627e-06
3.54	8.31842e-06
3.545	8.68024e-06
3.55	9.26241e-06
3.555	9.75301e-06
3.56	1.04424e-05
3.565	1.0979e-05
3.57	1.16523e-05
3.575	1.19624e-05
3.58	1.23482e-05
3.585	1.22515e-05
3.59	1.21104e-05
3.595	1.16117e-05
3.6	1.12499e-05
3.605	1.08239e-05
3.61	1.0604e-05
3.615	1.04555e-05
3.62	1.0463e-05
3.625	1.05388e-05
3.63	1.07965e-05
3.635	1.11012e-05
3.64	1.16302e-05
3.645	1.21276e-05
3.65	1.27487e-05
3.655	1.31734e-05
3.66	1.3651e-05
3.665	1.39032e-05
3.67	1.4254e-05
3.675	1.44112e-05
3.68	1.47459e-05
3.685	1.49486e-05
3.69	1.53776e-05
3.695	1.57085e-05
3.7	1.62616e-05
3.705	1.66805e-05
3.71	1.7272e-05
3.715	1.75891e-05
3.72	1.79994e-05
3.725	1.80036e-05
3.73	1.7952e-05
3.735	1.7533e-05
3.74	1.71529e-05
3.745	1.66887e-05
3.75	1.64291e-05
3.755	1.62289e-05
3.76	1.62315e-05
3.765	1.63222e-05
3.77	1.65415e-05
3.775	1.68418e-05
3.78	1.73092e-05
3.785	1.7776e-05
3.79	1.83473e-05
3.795	1.87439e-05
3.8	1.91662e-05
3.805	1.93078e-05
3.81	1.94902e-05
3.815	1.94181e-05
3.82	1.94603e-05
3.825	1.93337e-05
3.83	1.93748e-05
3.835	1.92924e-05
3.84	1.94005e-05
3.845	1.93805e-05
3.85	1.95264e-05
3.855	1.94775e-05
3.86	1.95231e-05
3.865	1.92342e-05
3.87	1.89057e-05
3.875	1.81301e-05
3.88	1.73235e-05
3.885	1.62969e-05
3.89	1.54162e-05
3.895	1.44819e-05
3.9	1.37913e-05
3.905	1.31429e-05
3.91	1.2689e-05
3.915	1.22537e-05
3.92	1.2068e-05
3.925	1.1898e-05
3.93	1.19297e-05
3.935	1.19249e-05
3.94	1.20177e-05
3.945	1.19099e-05
3.95	1.1889e-05
3.955	1.16429e-05
3.96	1.153e-05
3.965	1.12592e-05
3.97	1.11991e-05
3.975	1.10383e-05
3.98	1.11272e-05
3.985	1.11286e-05
3.99	1.13612e-05
3.995	1.14658e-05
4	1.17481e-05
4.005	1.17219e-05
4.01	1.17975e-05
4.015	1.1451e-05
4.02	1.10752e-05
4.025	1.03567e-05
4.03	9.75936e-06
4.035	9.08898e-06
4.04	8.67783e-06
4.045	8.32155e-06
4.05	8.19662e-06
4.055	8.12682e-06
4.06	8.25542e-06
4.065	8.47161e-06
4.07	8.89913e-06
4.075	9.33229e-06
4.08	9.92503e-06
4.085	1.0374e-05
4.09	1.091e-05
4.095	1.12216e-05
4.1	1.16541e-05
4.105	1.19017e-05
4.11	1.23354e-05
4.115	1.26383e-05
4.12	1.31623e-05
4.125	1.35827e-05
4.13	1.42154e-05
4.135	1.47151e-05
4.14	1.53731e-05
4.145	1.58185e-05
4.15	1.63069e-05
4.155	1.64097e-05
4.16	1.64092e-05
4.165	1.59804e-05
4.17	1.54783e-05
4.175	1.47734e-05
4.18	1.41773e-05
4.185	1.3566e-05
4.19	1.31264e-05
4.195	1.27129e-05
4.2	1.24138e-05
4.205	1.21566e-05
4.21	1.20648e-05
4.215	1.19942e-05
4.22	1.20874e-05
4.225	1.20382e-05
4.23	1.20761e-05
4.235	1.1885e-05
4.24	1.17586e-05
4.245	1.14114e-05
4.25	1.1209e-05
4.255	1.08604e-05
4.26	1.07392e-05
4.265	1.05248e-05
4.27	1.05587e-05
4.275	1.05056e-05
4.28	1.06761e-05
4.285	1.06928e-05
4.29	1.08624e-05
4.295	1.06886e-05
4.3	1.0574e-05
4.305	1.00084e-05
4.31	9.42453e-06
4.315	8.54498e-06
4.32	7.818e-06
4.325	7.04011e-06
4.33	6.52676e-06
4.335	6.06383e-06
4.34	5.80084e-06
4.345	5.6435e-06
4.35	5.64206e-06
4.355	5.75518e-06
4.36	6.09279e-06
4.365	6.37751e-06
4.37	6.83229e-06
4.375	7.10501e-06
4.38	7.45459e-06
4.385	7.58325e-06
4.39	7.84983e-06
4.395	7.95351e-06
4.4	8.26175e-06
4.405	8.45779e-06
4.41	8.90501e-06
4.415	9.25441e-06
4.42	9.82597e-06
4.425	1.0282e-05
4.43	1.09349e-05
4.435	1.12961e-05
4.44	1.17898e-05
4.445	1.18816e-05
4.45	1.19211e-05
4.455	1.16108e-05
4.46	1.13369e-05
4.465	1.09713e-05
4.47	1.08282e-05
4.475	1.0746e-05
4.48	1.08898e-05
4.485	1.11377e-05
4.49	1.15765e-05
4.495	1.21259e-05
4.5	1.28988e-05
4.505	1.37074e-05
4.51	1.47062e-05
4.515	1.55647e-05
4.52	1.65143e-05
4.525	1.72093e-05
4.53	1.79798e-05
4.535	1.85297e-05
4.54	1.92093e-05
4.545	1.97152e-05
4.55	2.03859e-05
4.555	2.09375e-05
4.56	2.16348e-05
4.565	2.21612e-05
4.57	2.28051e-05
4.575	2.31838e-05
4.58	2.35791e-05
4.585	2.35067e-05
4.59	2.33564e-05
4.595	2.26823e-05
4.6	2.18536e-05
4.605	2.07181e-05
4.61	1.96563e-05
4.615	1.85067e-05
4.62	1.75091e-05
4.625	1.64945e-05
4.63	1.55916e-05
4.635	1.47938e-05
4.64	1.4006e-05
4.645	1.34411e-05
4.65	1.2846e-05
4.655	1.24007e-05
4.66	1.18057e-05
4.665	1.12998e-05
4.67	1.05618e-05
4.675	9.94048e-06
4.68	9.14267e-06
4.685	8.52319e-06
4.69	7.87801e-06
4.695	7.43841e-06
4.7	6.97961e-06
4.705	6.82261e-06
4.71	6.63694e-06
4.715	6.73313e-06
4.72	6.71124e-06
4.725	6.87612e-06
4.73	6.75226e-06
4.735	6.623e-06
4.74	6.12882e-06
4.745	5.63658e-06
4.75	4.92255e-06
4.755	4.41426e-06
4.76	3.8873e-06
4.765	3.55529e-06
4.77	3.2805e-06
4.775	3.14246e-06
4.78	3.07908e-06
4.785	3.20743e-06
4.79	3.39499e-06
4.795	3.79095e-06
4.8	4.07571e-06
4.805	4.49879e-06
4.81	4.67898e-06
4.815	4.93511e-06
4.82	4.96736e-06
4.825	5.13628e-06
4.83	5.14369e-06
4.835	5.35703e-06
4.84	5.45882e-06
4.845	5.79416e-06
4.85	6.02874e-06
4.855	6.4631e-06
4.86	6.74465e-06
4.865	7.15539e-06
4.87	7.21871e-06
4.875	7.3331e-06
4.88	6.97553e-06
4.885	6.55949e-06
4.89	5.8005e-06
4.895	5.18391e-06
4.9	4.49198e-06
4.905	4.06518e-06
4.91	3.6858e-06
4.915	3.49868e-06
4.92	3.4083e-06
4.925	3.45803e-06
4.93	3.60641e-06
4.935	3.95695e-06
4.94	4.25617e-06
4.945	4.7127e-06
4.95	4.983e-06
4.955	5.32191e-06
4.96	5.43672e-06
4.965	5.6686e-06
4.97	5.72666e-06
4.975	5.98152e-06
4.98	6.13877e-06
4.985	6.53675e-06
4.99	6.84279e-06
4.995	7.38292e-06
5	7.81011e-06
5.005	8.40952e-06
5.01	8.78234e-06
5.015	9.24878e-06
5.02	9.31352e-06
5.025	9.31664e-06
5.03	8.94547e-06
5.035	8.62987e-06
5.04	8.21227e-06
5.045	8.03395e-06
5.05	7.9689e-06
5.055	8.15502e-06
5.06	8.4601e-06
5.065	8.99925e-06
5.07	9.6671e-06
5.075	1.05566e-05
5.08	1.15324e-05
5.085	1.26767e-05
5.09	1.37176e-05
5.095	1.48161e-05
5.1	1.56693e-05
5.105	1.65811e-05
5.11	1.72868e-05
5.115	1.80839e-05
5.12	1.8738e-05
5.125	1.95573e-05
5.13	2.02798e-05
5.135	2.11645e-05
5.14	2.19309e-05
5.145	2.28284e-05
5.15	2.34793e-05
5.155	2.41581e-05
5.16	2.43554e-05
5.165	2.44627e-05
5.17	2.40251e-05
5.175	2.33994e-05
5.18	2.24696e-05
5.185	2.15528e-05
5.19	2.05515e-05
5.195	1.96955e-05
5.2	1.87947e-05
5.205	1.79749e-05
5.21	1.72281e-05
5.215	1.64431e-05
5.22	1.58366e-05
5.225	1.51504e-05
5.23	1.45734e-05
5.235	1.38113e-05
5.24	1.31179e-05
5.245	1.21693e-05
5.25	1.1348e-05
5.255	1.03427e-05
5.26	9.52091e-06
5.265	8.68311e-06
5.27	8.06694e-06
5.275	7.44909e-06
5.28	7.16089e-06
5.285	6.87562e-06
5.29	6.90429e-06
5.295	6.88629e-06
5.3	7.06698e-06
5.305	6.99348e-06
5.31	6.91727e-06
5.315	6.5027e-06
5.32	6.05755e-06
5.325	5.39894e-06
5.33	4.90332e-06
5.335	4.38258e-06
5.34	4.062e-06
5.345	3.7473e-06
5.35	3.58941e-06
5.355	3.49072e-06
5.36	3.58005e-06
5.365	3.72484e-06
5.37	4.07363e-06
5.375	4.34608e-06
5.38	4.75011e-06
5.385	4.92038e-06
5.39	5.16375e-06
5.395	5.18419e-06
5.4	5.33882e-06
5.405	5.32103e-06
5.41	5.51217e-06
5.415	5.5917e-06
5.42	5.90961e-06
5.425	6.11505e-06
5.43	6.52943e-06
5.435	6.7815e-06
5.44	7.1797e-06
5.445	7.22876e-06
5.45	7.33918e-06
5.455	6.98712e-06
5.46	6.59679e-06
5.465	5.8446e-06
5.47	5.24283e-06
5.475	4.56583e-06
5.48	4.14702e-06
5.485	3.77163e-06
5.49	3.59553e-06
5.495	3.50021e-06
5.5	3.57499e-06
5.505	3.74538e-06
5.51	4.14065e-06
5.515	4.48899e-06
5.52	5.00751e-06
5.525	5.35308e-06
5.53	5.77268e-06
5.535	5.95261e-06
5.54	6.24935e-06
5.545	6.36986e-06
5.55	6.68721e-06
5.555	6.90389e-06
5.56	7.35895e-06
5.565	7.7246e-06
5.57	8.31605e-06
5.575	8.80317e-06
5.58	9.45526e-06
5.585	9.89083e-06
5.59	1.04081e-05
5.595	1.05612e-05
5.6	1.06311e-05
5.605	1.03142e-05
5.61	1.0013e-05
5.615	9.58228e-06
5.62	9.3576e-06
5.625	9.17535e-06
5.63	9.21859e-06
5.635	9.33581e-06
5.64	9.65099e-06
5.645	1.00701e-05
5.65	1.0724e-05
5.655	1.14281e-05
5.66	1.23468e-05
5.665	1.31495e-05
5.67	1.40681e-05
5.675	1.47449e-05
5.68	1.55013e-05
5.685	1.60805e-05
5.69	1.67728e-05
5.695	1.73287e-05
5.7	1.8082e-05
5.705	1.87146e-05
5.71	1.95638e-05
5.715	2.02683e-05
5.72	2.11423e-05
5.725	2.18016e-05
5.73	2.25354e-05
5.735	2.28421e-05
5.74	2.31294e-05
5.745	2.28764e-05
5.75	2.25024e-05
5.755	2.18327e-05
5.76	2.11981e-05
5.765	2.04558e-05
5.77	1.98671e-05
5.775	1.92436e-05
5.78	1.87034e-05
5.785	1.81778e-05
5.79	1.77242e-05
5.795	1.73018e-05
5.8	1.69918e-05
5.805	1.65832e-05
5.81	1.62462e-05
5.815	1.56806e-05
5.82	1.51614e-05
5.825	1.44025e-05
5.83	1.3742e-05
5.835	1.29739e-05
5.84	1.23264e-05
5.845	1.16159e-05
5.85	1.11154e-05
5.855	1.05361e-05
5.86	1.01905e-05
5.865	9.73872e-06
5.87	9.47799e-06
5.875	9.00501e-06
5.88	8.63823e-06
5.885	7.91987e-06
5.89	7.24917e-06
5.895	6.28579e-06
5.9	5.51095e-06
5.905	4.69013e-06
5.91	4.17447e-06
5.915	3.73494e-06
5.92	3.539e-06
5.925	3.38796e-06
5.93	3.42907e-06
5.935	3.54383e-06
5.94	3.84058e-06
5.945	4.12532e-06
5.95	4.56636e-06
5.955	4.83009e-06
5.96	5.16833e-06
5.965	5.28082e-06
5.97	5.48974e-06
5.975	5.4893e-06
5.98	5.66789e-06
5.985	5.71336e-06
5.99	5.97951e-06
5.995	6.1414e-06
6	6.52859e-06
6.005	6.79058e-06
6.01	7.23706e-06
6.015	7.42808e-06
6.02	7.74577e-06
6.025	7.67325e-06
6.03	7.53351e-06
6.035	7.00398e-06
6.04	6.45494e-06
6.045	5.68559e-06
6.05	5.13388e-06
6.055	4.59499e-06
6.06	4.29007e-06
6.065	4.05516e-06
6.07	3.98457e-06
6.075	4.00651e-06
6.08	4.23428e-06
6.085	4.5403e-06
6.09	5.04311e-06
6.095	5.4218e-06
6.1	5.94185e-06
6.105	6.20663e-06
6.11	6.55202e-06
6.115	6.66616e-06
6.12	6.92352e-06
6.125	7.0241e-06
6.13	7.34488e-06
6.135	7.57134e-06
6.14	8.06088e-06
6.145	8.45868e-06
6.15	9.0845e-06
6.155	9.59029e-06
6.16	1.02559e-05
6.165	1.0631e-05
6.17	1.1062e-05
6.175	1.10901e-05
6.18	1.10969e-05
6.185	1.07717e-05
6.19	1.06485e-05
6.195	1.04972e-05
6.2	1.05934e-05
6.205	1.07738e-05
6.21	1.11714e-05
6.215	1.16655e-05
6.22	1.23729e-05
6.225	1.31587e-05
6.23	1.41779e-05
6.235	1.51535e-05
6.24	1.62969e-05
6.245	1.7229e-05
6.25	1.8201e-05
6.255	1.88908e-05
6.26	1.96384e-05
6.265	2.01321e-05
6.27	2.07316e-05
6.275	2.11289e-05
6.28	2.16597e-05
6.285	2.19913e-05
6.29	2.24836e-05
6.295	2.27305e-05
6.3	2.30667e-05
6.305	2.30698e-05
6.31	2.30053e-05
6.315	2.24758e-05
6.32	2.17681e-05
6.325	2.05794e-05
6.33	1.93564e-05
6.335	1.79027e-05
6.34	1.66294e-05
6.345	1.53096e-05
6.35	1.41796e-05
6.355	1.3074e-05
6.36	1.21444e-05
6.365	1.12515e-05
6.37	1.0585e-05
6.375	9.95576e-06
6.38	9.5044e-06
6.385	8.95115e-06
6.39	8.51853e-06
6.395	7.88965e-06
6.4	7.40429e-06
6.405	6.77624e-06
6.41	6.36699e-06
6.415	5.97929e-06
6.42	5.8478e-06
6.425	5.74806e-06
6.43	5.97258e-06
6.435	6.16193e-06
6.44	6.59283e-06
6.445	6.88113e-06
6.45	7.29021e-06
6.455	7.31804e-06
6.46	7.35101e-06
6.465	6.92034e-06
6.47	6.42141e-06
6.475	5.641e-06
6.48	5.01379e-06
6.485	4.34737e-06
6.49	3.88517e-06
6.495	3.49677e-06
6.5	3.26758e-06
6.505	3.1268e-06
6.51	3.18392e-06
6.515	3.30394e-06
6.52	3.62709e-06
6.525	3.87552e-06
6.53	4.2506e-06
6.535	4.41865e-06
6.54	4.6525e-06
6.545	4.65231e-06
6.55	4.7805e-06
6.555	4.74399e-06
6.56	4.9112e-06
6.565	4.96829e-06
6.57	5.26294e-06
6.575	5.46695e-06
6.58	5.89134e-06
6.585	6.18962e-06
6.59	6.65686e-06
6.595	6.80666e-06
6.6	7.04217e-06
6.605	6.82544e-06
6.61	6.54876e-06
6.615	5.88597e-06
6.62	5.32177e-06
6.625	4.64439e-06
6.63	4.21309e-06
6.635	3.81951e-06
6.64	3.6424e-06
6.645	3.50773e-06
6.65	3.56582e-06
6.655	3.70505e-06
6.66	4.04529e-06
6.665	4.38275e-06
6.67	4.87424e-06
6.675	5.18053e-06
6.68	5.55583e-06
6.685	5.69163e-06
6.69	5.92552e-06
6.695	5.96327e-06
6.7	6.19285e-06
6.705	6.29957e-06
6.71	6.65109e-06
6.715	6.91621e-06
6.72	7.4226e-06
6.725	7.81635e-06
6.73	8.39745e-06
6.735	8.7801e-06
6.74	9.24797e-06
6.745	9.29595e-06
6.75	9.34227e-06
6.755	8.97906e-06
6.76	8.63696e-06
6.765	8.10041e-06
6.77	7.79476e-06
6.775	7.53853e-06
6.78	7.51007e-06
6.785	7.57354e-06
6.79	7.8031e-06
6.795	8.1469e-06
6.8	8.6969e-06
6.805	9.30994e-06
6.81	1.01403e-05
6.815	1.08352e-05
6.82	1.16732e-05
6.825	1.2264e-05
6.83	1.29549e-05
6.835	1.34297e-05
6.84	1.40394e-05
6.845	1.44854e-05
6.85	1.51158e-05
6.855	1.56368e-05
6.86	1.63704e-05
6.865	1.69662e-05
6.87	1.77603e-05
6.875	1.83665e-05
6.88	1.90817e-05
6.885	1.94565e-05
6.89	1.98415e-05
6.895	1.97734e-05
6.9	1.96521e-05
6.905	1.91886e-05
6.91	1.88626e-05
6.915	1.84825e-05
6.92	1.82957e-05
6.925	1.81681e-05
6.93	1.8174e-05
6.935	1.82353e-05
6.94	1.84604e-05
6.945	1.8725e-05
6.95	1.91554e-05
6.955	1.95215e-05
6.96	1.99981e-05
6.965	2.02337e-05
6.97	2.0493e-05
6.975	2.04998e-05
6.98	2.05837e-05
6.985	2.04477e-05
6.99	2.04695e-05
6.995	2.03432e-05
7	2.04271e-05
7.005	2.03767e-05
7.01	2.0542e-05
7.015	2.05584e-05
7.02	2.07111e-05
7.025	2.063e-05
7.03	2.05695e-05
7.035	2.01106e-05
7.04	1.95864e-05
7.045	1.86859e-05
7.05	1.78353e-05
7.055	1.68756e-05
7.06	1.61454e-05
7.065	1.54525e-05
7.07	1.49617e-05
7.075	1.45648e-05
7.08	1.43081e-05
7.085	1.41419e-05
7.09	1.41672e-05
7.095	1.42305e-05
7.1	1.44474e-05
7.105	1.45374e-05
7.11	1.47157e-05
7.115	1.46839e-05
7.12	1.47552e-05
7.125	1.46475e-05
7.13	1.47157e-05
7.135	1.46514e-05
7.14	1.48116e-05
7.145	1.48685e-05
7.15	1.51484e-05
7.155	1.53055e-05
7.16	1.56413e-05
7.165	1.5789e-05
7.17	1.60157e-05
7.175	1.58976e-05
7.18	1.57128e-05
7.185	1.5122e-05
7.19	1.44356e-05
7.195	1.35649e-05
7.2	1.27858e-05
7.205	1.19959e-05
7.21	1.14024e-05
7.215	1.08792e-05
7.22	1.0484e-05
7.225	1.01532e-05
7.23	1.00014e-05
7.235	9.8974e-06
7.24	9.98195e-06
7.245	9.98721e-06
7.25	1.01096e-05
7.255	1.00312e-05
7.26	1.00202e-05
7.265	9.79422e-06
7.27	9.71124e-06
7.275	9.47894e-06
7.28	9.45704e-06
7.285	9.34191e-06
7.29	9.4843e-06
7.295	9.5336e-06
7.3	9.80801e-06
7.305	9.94589e-06
7.31	1.02428e-05
7.315	1.02164e-05
7.32	1.02723e-05
7.325	9.89169e-06
7.33	9.46722e-06
7.335	8.69215e-06
7.34	8.04702e-06
7.345	7.31187e-06
7.35	6.83764e-06
7.355	6.40587e-06
7.36	6.17573e-06
7.365	6.04456e-06
7.37	6.06329e-06
7.375	6.18653e-06
7.38	6.52122e-06
7.385	6.87333e-06
7.39	7.36914e-06
7.395	7.71114e-06
7.4	8.14046e-06
7.405	8.35134e-06
7.41	8.69351e-06
7.415	8.86616e-06
7.42	9.24003e-06
7.425	9.48868e-06
7.43	9.97886e-06
7.435	1.03583e-05
7.44	1.09608e-05
7.445	1.14348e-05
7.45	1.20996e-05
7.455	1.25526e-05
7.46	1.3072e-05
7.465	1.31889e-05
7.47	1.32905e-05
7.475	1.30005e-05
7.48	1.26849e-05
7.485	1.22243e-05
7.49	1.19472e-05
7.495	1.16969e-05
7.5	1.16637e-05
7.505	1.16913e-05
7.51	1.1904e-05
7.515	1.21994e-05
7.52	1.27177e-05
7.525	1.32804e-05
7.53	1.40558e-05
7.535	1.47256e-05
7.54	1.55186e-05
7.545	1.60888e-05
7.55	1.67602e-05
7.555	1.72453e-05
7.56	1.78673e-05
7.565	1.83701e-05
7.57	1.90665e-05
7.575	1.96402e-05
7.58	2.04086e-05
7.585	2.10224e-05
7.59	2.17883e-05
7.595	2.23133e-05
7.6	2.29014e-05
7.605	2.30551e-05
7.61	2.31853e-05
7.615	2.27871e-05
7.62	2.22606e-05
7.625	2.14395e-05
7.63	2.06594e-05
7.635	1.97848e-05
7.64	1.90952e-05
7.645	1.83978e-05
7.65	1.78237e-05
7.655	1.72892e-05
7.66	1.68534e-05
7.665	1.64745e-05
7.67	1.62308e-05
7.675	1.59217e-05
7.68	1.56952e-05
7.685	1.52566e-05
7.69	1.48507e-05
7.695	1.4204e-05
7.7	1.36694e-05
7.705	1.29512e-05
7.71	1.23916e-05
7.715	1.17982e-05
7.72	1.13217e-05
7.725	1.08518e-05
7.73	1.05295e-05
7.735	1.01823e-05
7.74	9.92908e-06
7.745	9.56786e-06
7.75	9.18811e-06
7.755	8.53768e-06
7.76	7.82828e-06
7.765	6.81765e-06
7.77	5.94298e-06
7.775	5.0064e-06
7.78	4.36904e-06
7.785	3.81265e-06
7.79	3.52567e-06
7.795	3.31174e-06
7.8	3.30675e-06
7.805	3.39498e-06
7.81	3.69108e-06
7.815	3.98971e-06
7.82	4.4631e-06
7.825	4.76879e-06
7.83	5.16704e-06
7.835	5.30742e-06
7.84	5.55122e-06
7.845	5.57731e-06
7.85	5.77557e-06
7.855	5.8362e-06
7.86	6.11195e-06
7.865	6.28013e-06
7.87	6.67593e-06
7.875	6.95469e-06
7.88	7.41627e-06
7.885	7.63375e-06
7.89	7.98203e-06
7.895	7.95239e-06
7.9	7.88381e-06
7.905	7.35673e-06
7.91	6.83581e-06
7.915	6.06643e-06
7.92	5.50013e-06
7.925	4.93882e-06
7.93	4.60994e-06
7.935	4.34636e-06
7.94	4.2312e-06
7.945	4.23219e-06
7.95	4.40411e-06
7.955	4.6573e-06
7.96	5.1062e-06
7.965	5.4667e-06
7.97	5.94371e-06
7.975	6.21187e-06
7.98	6.54403e-06
7.985	6.6402e-06
7.99	6.87879e-06
7.995	6.95708e-06
8	7.24377e-06
8.005	7.42174e-06
8.01	7.85687e-06
8.015	8.21299e-06
8.02	8.80187e-06
8.025	9.26173e-06
8.03	9.93761e-06
8.035	1.03255e-05
8.04	1.08389e-05
8.045	1.09066e-05
8.05	1.1005e-05
8.055	1.07667e-05
8.06	1.0724e-05
8.065	1.06478e-05
8.07	1.08455e-05
8.075	1.11365e-05
8.08	1.16493e-05
8.085	1.22608e-05
8.09	1.30772e-05
8.095	1.3968e-05
8.1	1.50743e-05
8.105	1.61406e-05
8.11	1.73311e-05
8.115	1.82906e-05
8.12	1.92638e-05
8.125	1.99251e-05
8.13	2.06004e-05
8.135	2.09842e-05
8.14	2.14448e-05
8.145	2.1691e-05
8.15	2.20597e-05
8.155	2.22135e-05
8.16	2.25141e-05
8.165	2.25556e-05
8.17	2.26541e-05
8.175	2.24175e-05
8.18	2.21112e-05
8.185	2.13079e-05
8.19	2.03266e-05
8.195	1.88677e-05
8.2	1.73327e-05
8.205	1.56167e-05
8.21	1.40599e-05
8.215	1.25293e-05
8.22	1.11956e-05
8.225	9.95595e-06
8.23	8.88002e-06
8.235	8.02031e-06
8.24	7.25027e-06
8.245	6.78487e-06
8.25	6.3223e-06
8.255	6.07974e-06
8.26	5.74135e-06
8.265	5.56977e-06
8.27	5.27283e-06
8.275	5.20659e-06
8.28	5.05907e-06
8.285	5.17855e-06
8.29	5.22847e-06
8.295	5.54358e-06
8.3	5.78682e-06
8.305	6.2641e-06
8.31	6.61707e-06
8.315	7.12698e-06
8.32	7.36872e-06
8.325	7.63611e-06
8.33	7.47201e-06
8.335	7.21358e-06
8.34	6.54422e-06
8.345	5.89345e-06
8.35	5.09633e-06
8.355	4.52279e-06
8.36	3.95302e-06
8.365	3.58351e-06
8.37	3.29762e-06
8.375	3.17093e-06
8.38	3.1367e-06
8.385	3.31473e-06
8.39	3.5158e-06
8.395	3.89828e-06
8.4	4.14962e-06
8.405	4.48309e-06
8.41	4.58435e-06
8.415	4.76654e-06
8.42	4.73448e-06
8.425	4.86356e-06
8.43	4.85032e-06
8.435	5.05664e-06
8.44	5.16119e-06
8.445	5.49788e-06
8.45	5.72968e-06
8.455	6.1568e-06
8.46	6.40941e-06
8.465	6.76167e-06
8.47	6.71972e-06
8.475	6.68401e-06
8.48	6.1938e-06
8.485	5.66479e-06
8.49	4.87806e-06
8.495	4.27832e-06
8.5	3.67807e-06
8.505	3.31414e-06
8.51	3.0247e-06
8.515	2.89989e-06
8.52	2.86192e-06
8.525	3.01812e-06
8.53	3.23066e-06
8.535	3.6372e-06
8.54	3.95565e-06
8.545	4.38621e-06
8.55	4.59753e-06
8.555	4.86869e-06
8.56	4.90489e-06
8.565	5.07877e-06
8.57	5.0969e-06
8.575	5.32621e-06
8.58	5.46042e-06
8.585	5.84104e-06
8.59	6.14072e-06
8.595	6.66272e-06
8.6	7.05962e-06
8.605	7.60585e-06
8.61	7.89106e-06
8.615	8.20367e-06
8.62	8.08586e-06
8.625	7.92469e-06
8.63	7.37314e-06
8.635	6.99731e-06
8.64	6.49681e-06
8.645	6.27785e-06
8.65	6.10065e-06
8.655	6.14154e-06
8.66	6.23988e-06
8.665	6.57988e-06
8.67	7.02793e-06
8.675	7.7193e-06
8.68	8.41855e-06
8.685	9.32954e-06
8.69	1.00917e-05
8.695	1.09652e-05
8.7	1.1582e-05
8.705	1.23362e-05
8.71	1.29217e-05
8.715	1.36563e-05
8.72	1.42782e-05
8.725	1.50873e-05
8.73	1.58135e-05
8.735	1.67181e-05
8.74	1.75066e-05
8.745	1.84246e-05
8.75	1.90682e-05
8.755	1.98108e-05
8.76	2.01143e-05
8.765	2.034e-05
8.77	2.01667e-05
8.775	1.99487e-05
8.78	1.96157e-05
8.785	1.93997e-05
8.79	1.92339e-05
8.795	1.9235e-05
8.8	1.93068e-05
8.805	1.94745e-05
8.81	1.97184e-05
8.815	2.01075e-05
8.82	2.04953e-05
8.825	2.10044e-05
8.83	2.13316e-05
8.835	2.17042e-05
8.84	2.17896e-05
8.845	2.19178e-05
8.85	2.17814e-05
8.855	2.17396e-05
8.86	2.14998e-05
8.865	2.14403e-05
8.87	2.12167e-05
8.875	2.11819e-05
8.88	2.1007e-05
8.885	2.10018e-05
8.89	2.07966e-05
8.895	2.06745e-05
8.9	2.02083e-05
8.905	1.97365e-05
8.91	1.87828e-05
8.915	1.77875e-05
8.92	1.6488e-05
8.925	1.53163e-05
8.93	1.41117e-05
8.935	1.31298e-05
8.94	1.21934e-05
8.945	1.14365e-05
8.95	1.07714e-05
8.955	1.02783e-05
8.96	9.87037e-06
8.965	9.67353e-06
8.97	9.46836e-06
8.975	9.39956e-06
8.98	9.1788e-06
8.985	9.04414e-06
8.99	8.7116e-06
8.995	8.56646e-06
9	8.2738e-06
9.005	8.21821e-06
9.01	8.0866e-06
9.015	8.22972e-06
9.02	8.31159e-06
9.025	8.64705e-06
9.03	8.87455e-06
9.035	9.30103e-06
9.04	9.44309e-06
9.045	9.70897e-06
9.05	9.57346e-06
9.055	9.40501e-06
9.06	8.8875e-06
9.065	8.46133e-06
9.07	7.95749e-06
9.075	7.67434e-06
9.08	7.4588e-06
9.085	7.47167e-06
9.09	7.53656e-06
9.095	7.79367e-06
9.1	8.13022e-06
9.105	8.673e-06
9.11	9.22312e-06
9.115	9.93801e-06
9.12	1.05104e-05
9.125	1.11605e-05
9.13	1.15809e-05
9.135	1.21007e-05
9.14	1.24187e-05
9.145	1.29037e-05
9.15	1.32403e-05
9.155	1.37854e-05
9.16	1.42108e-05
9.165	1.48428e-05
9.17	1.53324e-05
9.175	1.59726e-05
9.18	1.63931e-05
9.185	1.68691e-05
9.19	1.6899e-05
9.195	1.68852e-05
9.2	1.63754e-05
9.205	1.57808e-05
9.21	1.48834e-05
9.215	1.41126e-05
9.22	1.32901e-05
9.225	1.26399e-05
9.23	1.20122e-05
9.235	1.14955e-05
9.24	1.10581e-05
9.245	1.07665e-05
9.25	1.05306e-05
9.255	1.04742e-05
9.26	1.03293e-05
9.265	1.02892e-05
9.27	1.00423e-05
9.275	9.86583e-06
9.28	9.47433e-06
9.285	9.23133e-06
9.29	8.84281e-06
9.295	8.68662e-06
9.3	8.43546e-06
9.305	8.45225e-06
9.31	8.38916e-06
9.315	8.56608e-06
9.32	8.61704e-06
9.325	8.84684e-06
9.33	8.7645e-06
9.335	8.76479e-06
9.34	8.32725e-06
9.345	7.86847e-06
9.35	7.06376e-06
9.355	6.41531e-06
9.36	5.69764e-06
9.365	5.23565e-06
9.37	4.81881e-06
9.375	4.60889e-06
9.38	4.47774e-06
9.385	4.51551e-06
9.39	4.65529e-06
9.395	5.02428e-06
9.4	5.3477e-06
9.405	5.85462e-06
9.41	6.18707e-06
9.415	6.59698e-06
9.42	6.76968e-06
9.425	7.06066e-06
9.43	7.16891e-06
9.435	7.4696e-06
9.44	7.65733e-06
9.445	8.08162e-06
9.45	8.42809e-06
9.455	9.00043e-06
9.46	9.47125e-06
9.465	1.01308e-05
9.47	1.05253e-05
9.475	1.10669e-05
9.48	1.12222e-05
9.485	1.13241e-05
9.49	1.10695e-05
9.495	1.08223e-05
9.5	1.04611e-05
9.505	1.03119e-05
9.51	1.02202e-05
9.515	1.03606e-05
9.52	1.05881e-05
9.525	1.10232e-05
9.53	1.15622e-05
9.535	1.23283e-05
9.54	1.31422e-05
9.545	1.41589e-05
9.55	1.50591e-05
9.555	1.60612e-05
9.56	1.68203e-05
9.565	1.76507e-05
9.57	1.82545e-05
9.575	1.89806e-05
9.58	1.95187e-05
9.585	2.02071e-05
9.59	2.07669e-05
9.595	2.14657e-05
9.6	2.19855e-05
9.605	2.26254e-05
9.61	2.30035e-05
9.615	2.34205e-05
9.62	2.33772e-05
9.625	2.3259e-05
9.63	2.26156e-05
9.635	2.17892e-05
9.64	2.06446e-05
9.645	1.95186e-05
9.65	1.83043e-05
9.655	1.72332e-05
9.66	1.61561e-05
9.665	1.51892e-05
9.67	1.43277e-05
9.675	1.34712e-05
9.68	1.28457e-05
9.685	1.22012e-05
9.69	1.17191e-05
9.695	1.11066e-05
9.7	1.05909e-05
9.705	9.84665e-06
9.71	9.22545e-06
9.715	8.42889e-06
9.72	7.8117e-06
9.725	7.17621e-06
9.73	6.75337e-06
9.735	6.32366e-06
9.74	6.21064e-06
9.745	6.08914e-06
9.75	6.25602e-06
9.755	6.35315e-06
9.76	6.61528e-06
9.765	6.60581e-06
9.77	6.58848e-06
9.775	6.19644e-06
9.78	5.77594e-06
9.785	5.10481e-06
9.79	4.61031e-06
9.795	4.07634e-06
9.8	3.73563e-06
9.805	3.45759e-06
9.81	3.32075e-06
9.815	3.2566e-06
9.82	3.38714e-06
9.825	3.58286e-06
9.83	3.98145e-06
9.835	4.30527e-06
9.84	4.76319e-06
9.845	4.98655e-06
9.85	5.28188e-06
9.855	5.34479e-06
9.86	5.53577e-06
9.865	5.54853e-06
9.87	5.76771e-06
9.875	5.87177e-06
9.88	6.21051e-06
9.885	6.43953e-06
9.89	6.88119e-06
9.895	7.15827e-06
9.9	7.59154e-06
9.905	7.68966e-06
9.91	7.83881e-06
9.915	7.52894e-06
9.92	7.16502e-06
9.925	6.41904e-06
9.93	5.80754e-06
9.935	5.09069e-06
9.94	4.63468e-06
9.945	4.22186e-06
9.95	4.00904e-06
9.955	3.89159e-06
9.96	3.91843e-06
9.965	4.04573e-06
9.97	4.38421e-06
9.975	4.71182e-06
9.98	5.19345e-06
9.985	5.50767e-06
9.99	5.89577e-06
9.995	6.04077e-06
10	6.29891e-06
10.005	6.35641e-06
10.01	6.60285e-06
10.015	6.72448e-06
10.02	7.07396e-06
10.025	7.34892e-06
10.03	7.85824e-06
10.035	8.25953e-06
10.04	8.89425e-06
10.045	9.30427e-06
10.05	9.87612e-06
10.055	1.01075e-05
10.06	1.03123e-05
10.065	1.01877e-05
10.07	1.01104e-05
10.075	9.88939e-06
10.08	9.93624e-06
10.085	1.00428e-05
10.09	1.04389e-05
10.095	1.09179e-05
10.1	1.16009e-05
10.105	1.2377e-05
10.11	1.33662e-05
10.115	1.43915e-05
10.12	1.55841e-05
10.125	1.66713e-05
10.13	1.78208e-05
10.135	1.86795e-05
10.14	1.95707e-05
10.145	2.01878e-05
10.15	2.08503e-05
10.155	2.12539e-05
10.16	2.17415e-05
10.165	2.20329e-05
10.17	2.24287e-05
10.175	2.26096e-05
10.18	2.2887e-05
10.185	2.28775e-05
10.19	2.28845e-05
10.195	2.24716e-05
10.2	2.19299e-05
10.205	2.08154e-05
10.21	1.95481e-05
10.215	1.79358e-05
10.22	1.63828e-05
10.225	1.4738e-05
10.23	1.32929e-05
10.235	1.18741e-05
10.24	1.06198e-05
10.245	9.51009e-06
10.25	8.5275e-06
10.255	7.75943e-06
10.26	7.09521e-06
10.265	6.65884e-06
10.27	6.16632e-06
10.275	5.85674e-06
10.28	5.4039e-06
10.285	5.16768e-06
10.29	4.84579e-06
10.295	4.79283e-06
10.3	4.73826e-06
10.305	4.93078e-06
10.31	5.08101e-06
10.315	5.49253e-06
10.32	5.81874e-06
10.325	6.34264e-06
10.33	6.69341e-06
10.335	7.12238e-06
10.34	7.2048e-06
10.345	7.23797e-06
10.35	6.78909e-06
10.355	6.31636e-06
10.36	5.55865e-06
10.365	4.97237e-06
10.37	4.3496e-06
10.375	3.94136e-06
10.38	3.61469e-06
10.385	3.44998e-06
10.39	3.37651e-06
10.395	3.50263e-06
10.4	3.69391e-06
10.405	4.09278e-06
10.41	4.42056e-06
10.415	4.88559e-06
10.42	5.11766e-06
10.425	5.42064e-06
10.43	5.49532e-06
10.435	5.68394e-06
10.44	5.70067e-06
10.445	5.91884e-06
10.45	6.01218e-06
10.455	6.33575e-06
10.46	6.56032e-06
10.465	6.99184e-06
10.47	7.27055e-06
10.475	7.71027e-06
10.48	7.80429e-06
10.485	7.9771e-06
10.49	7.69774e-06
10.495	7.3504e-06
10.5	6.61353e-06
10.505	5.9903e-06
10.51	5.2697e-06
10.515	4.80366e-06
10.52	4.37907e-06
10.525	4.16507e-06
10.53	4.02276e-06
10.535	4.04586e-06
10.54	4.17594e-06
10.545	4.50387e-06
10.55	4.83463e-06
10.555	5.31581e-06
10.56	5.64481e-06
10.565	6.04404e-06
10.57	6.20462e-06
10.575	6.46541e-06
10.58	6.5265e-06
10.585	6.76408e-06
10.59	6.86319e-06
10.595	7.1805e-06
10.6	7.43033e-06
10.605	7.92583e-06
10.61	8.32713e-06
10.615	8.9311e-06
10.62	9.38079e-06
10.625	9.96677e-06
10.63	1.02364e-05
10.635	1.04489e-05
10.64	1.03497e-05
10.645	1.02648e-05
10.65	1.00538e-05
10.655	1.01033e-05
10.66	1.02206e-05
10.665	1.05979e-05
10.67	1.10701e-05
10.675	1.17516e-05
10.68	1.25309e-05
10.685	1.35276e-05
10.69	1.45578e-05
10.695	1.5773e-05
10.7	1.68365e-05
10.705	1.79698e-05
10.71	1.87983e-05
10.715	1.96238e-05
10.72	2.01548e-05
10.725	2.07282e-05
10.73	2.10567e-05
10.735	2.15046e-05
10.74	2.17251e-05
10.745	2.20893e-05
10.75	2.22076e-05
10.755	2.23881e-05
10.76	2.22744e-05
10.765	2.21472e-05
10.77	2.15793e-05
10.775	2.08926e-05
10.78	1.96529e-05
10.785	1.82846e-05
10.79	1.65901e-05
10.795	1.49773e-05
10.8	1.33005e-05
10.805	1.18544e-05
10.81	1.04612e-05
10.815	9.25989e-06
10.82	8.2346e-06
10.825	7.32119e-06
10.83	6.66867e-06
10.835	6.12434e-06
10.84	5.8213e-06
10.845	5.47649e-06
10.85	5.3222e-06
10.855	5.03475e-06
10.86	4.95213e-06
10.865	4.76384e-06
10.87	4.82501e-06
10.875	4.81018e-06
10.88	5.05065e-06
10.885	5.22209e-06
10.89	5.64318e-06
10.895	5.96952e-06
10.9	6.48937e-06
10.905	6.83317e-06
10.91	7.25831e-06
10.915	7.34522e-06
10.92	7.38649e-06
10.925	6.94863e-06
10.93	6.4758e-06
10.935	5.70922e-06
10.94	5.10277e-06
10.945	4.45414e-06
10.95	4.01972e-06
10.955	3.66342e-06
10.96	3.4665e-06
10.965	3.35536e-06
10.97	3.43664e-06
10.975	3.58715e-06
10.98	3.9521e-06
10.985	4.25304e-06
10.99	4.7027e-06
10.995	4.9312e-06
11	5.22895e-06
11.005	5.29057e-06
11.01	5.47687e-06
11.015	5.47882e-06
11.02	5.68185e-06
11.025	5.77142e-06
11.03	6.08931e-06
11.035	6.30685e-06
11.04	6.74024e-06
11.045	7.02202e-06
11.05	7.46437e-06
11.055	7.59072e-06
11.06	7.78156e-06
11.065	7.52723e-06
11.07	7.20481e-06
11.075	6.48915e-06
11.08	5.87088e-06
11.085	5.14808e-06
11.09	4.67007e-06
11.095	4.23146e-06
11.1	4.00735e-06
11.105	3.85368e-06
11.11	3.86177e-06
11.115	3.96004e-06
11.12	4.26691e-06
11.125	4.5775e-06
11.13	5.04547e-06
11.135	5.35852e-06
11.14	5.75281e-06
11.145	5.90408e-06
11.15	6.16529e-06
11.155	6.22309e-06
11.16	6.46185e-06
11.165	6.57158e-06
11.17	6.90701e-06
11.175	7.16491e-06
11.18	7.65482e-06
11.185	8.05154e-06
11.19	8.63114e-06
11.195	9.08225e-06
11.2	9.60423e-06
11.205	9.84882e-06
11.21	1.00583e-05
11.215	9.93389e-06
11.22	9.83105e-06
11.225	9.56574e-06
11.23	9.56633e-06
11.235	9.60726e-06
11.24	9.94769e-06
11.245	1.03772e-05
11.25	1.10218e-05
11.255	1.17585e-05
11.26	1.27194e-05
11.265	1.37221e-05
11.27	1.4928e-05
11.275	1.60005e-05
11.28	1.71915e-05
11.285	1.81057e-05
11.29	1.9045e-05
11.295	1.97272e-05
11.3	2.04609e-05
11.305	2.09275e-05
11.31	2.15247e-05
11.315	2.18764e-05
11.32	2.23455e-05
11.325	2.25991e-05
11.33	2.2951e-05
11.335	2.30352e-05
11.34	2.31252e-05
11.345	2.28136e-05
11.35	2.23904e-05
11.355	2.1399e-05
11.36	2.02255e-05
11.365	1.8689e-05
11.37	1.71738e-05
11.375	1.55412e-05
11.38	1.40914e-05
11.385	1.26531e-05
11.39	1.13696e-05
11.395	1.02179e-05
11.4	9.17983e-06
11.405	8.34597e-06
11.41	7.61288e-06
11.415	7.10959e-06
11.42	6.55154e-06
11.425	6.17903e-06
11.43	5.6626e-06
11.435	5.35102e-06
11.44	4.94945e-06
11.445	4.82258e-06
11.45	4.71054e-06
11.455	4.8625e-06
11.46	4.9887e-06
11.465	5.38608e-06
11.47	5.70624e-06
11.475	6.23705e-06
11.48	6.6087e-06
11.485	7.07371e-06
11.49	7.20425e-06
11.495	7.29221e-06
11.5	6.90115e-06
11.505	6.46737e-06
11.51	5.72944e-06
11.515	5.14362e-06
11.52	4.50885e-06
11.525	4.08873e-06
11.53	3.74834e-06
11.535	3.56902e-06
11.54	3.48257e-06
11.545	3.59461e-06
11.55	3.77439e-06
11.555	4.16697e-06
11.56	4.48993e-06
11.565	4.9583e-06
11.57	5.20875e-06
11.575	5.52368e-06
11.58	5.59964e-06
11.585	5.7889e-06
11.59	5.79983e-06
11.595	6.00038e-06
11.6	6.0789e-06
11.605	6.38602e-06
11.61	6.58967e-06
11.615	7.00947e-06
11.62	7.2817e-06
11.625	7.72276e-06
11.63	7.83228e-06
11.635	8.02828e-06
11.64	7.78752e-06
11.645	7.46351e-06
11.65	6.76314e-06
11.655	6.13151e-06
11.66	5.39848e-06
11.665	4.91612e-06
11.67	4.47005e-06
11.675	4.24131e-06
11.68	4.08339e-06
11.685	4.09256e-06
11.69	4.20763e-06
11.695	4.53126e-06
11.7	4.86584e-06
11.705	5.35877e-06
11.71	5.70254e-06
11.715	6.12735e-06
11.72	6.31005e-06
11.725	6.58262e-06
11.73	6.64845e-06
11.735	6.87923e-06
11.74	6.96235e-06
11.745	7.25978e-06
11.75	7.49063e-06
11.755	7.97377e-06
11.76	8.36217e-06
11.765	8.99159e-06
11.77	9.437e-06
11.775	1.00814e-05
11.78	1.03171e-05
11.785	1.06259e-05
11.79	1.05088e-05
11.795	1.04601e-05
11.8	1.02138e-05
11.805	1.02302e-05
11.81	1.03033e-05
11.815	1.06415e-05
11.82	1.10778e-05
11.825	1.17232e-05
11.83	1.24668e-05
11.835	1.34311e-05
11.84	1.44211e-05
11.845	1.56026e-05
11.85	1.66321e-05
11.855	1.77382e-05
11.86	1.85513e-05
11.865	1.93712e-05
11.87	1.99053e-05
11.875	2.04822e-05
11.88	2.08111e-05
11.885	2.12521e-05
11.89	2.14801e-05
11.895	2.17914e-05
11.9	2.18995e-05
11.905	2.20655e-05
11.91	2.19492e-05
11.915	2.18372e-05
11.92	2.13057e-05
11.925	2.06765e-05
11.93	1.95098e-05
11.935	1.82266e-05
11.94	1.65718e-05
11.945	1.49996e-05
11.95	1.33612e-05
11.955	1.19386e-05
11.96	1.05923e-05
11.965	9.43941e-06
11.97	8.40498e-06
11.975	7.55552e-06
11.98	6.85073e-06
11.985	6.39573e-06
11.99	5.9882e-06
11.995	5.78613e-06
12	5.49122e-06
12.005	5.36336e-06
12.01	5.09867e-06
12.015	5.05887e-06
12.02	4.9267e-06
12.025	5.05002e-06
12.03	5.09767e-06
12.035	5.40577e-06
12.04	5.64056e-06
12.045	6.10916e-06
12.05	6.45822e-06
12.055	6.97138e-06
12.06	7.2287e-06
12.065	7.5282e-06
12.07	7.40769e-06
12.075	7.19494e-06
12.08	6.56815e-06
12.085	5.94698e-06
12.09	5.18184e-06
12.095	4.59168e-06
12.1	4.03514e-06
12.105	3.69657e-06
12.11	3.39053e-06
12.115	3.27357e-06
12.12	3.23518e-06
12.125	3.39858e-06
12.13	3.61064e-06
12.135	4.00347e-06
12.14	4.25567e-06
12.145	4.60819e-06
12.15	4.73005e-06
12.155	4.93292e-06
12.16	4.91922e-06
12.165	5.06763e-06
12.17	5.06561e-06
12.175	5.28689e-06
12.18	5.40582e-06
12.185	5.75884e-06
12.19	6.0022e-06
12.195	6.44298e-06
12.2	6.70627e-06
12.205	7.07555e-06
12.21	7.0572e-06
12.215	7.04618e-06
12.22	6.57714e-06
12.225	6.06726e-06
12.23	5.27605e-06
12.235	4.68043e-06
12.24	4.06204e-06
12.245	3.70193e-06
12.25	3.38991e-06
12.255	3.25036e-06
12.26	3.21526e-06
12.265	3.35116e-06
12.27	3.54359e-06
12.275	3.94289e-06
12.28	4.24816e-06
12.285	4.68742e-06
12.29	4.90049e-06
12.295	5.19323e-06
12.3	5.25294e-06
12.305	5.45278e-06
12.31	5.50329e-06
12.315	5.76224e-06
12.32	5.94116e-06
12.325	6.36139e-06
12.33	6.70151e-06
12.335	7.27311e-06
12.34	7.70884e-06
12.345	8.28167e-06
12.35	8.60397e-06
12.355	8.97837e-06
12.36	8.89678e-06
12.365	8.79367e-06
12.37	8.30587e-06
12.375	7.9353e-06
12.38	7.49601e-06
12.385	7.30162e-06
12.39	7.218e-06
12.395	7.36414e-06
12.4	7.65183e-06
12.405	8.1849e-06
12.41	8.8354e-06
12.415	9.75141e-06
12.42	1.07082e-05
12.425	1.18048e-05
12.43	1.27996e-05
12.435	1.38597e-05
12.44	1.46752e-05
12.445	1.55392e-05
12.45	1.62235e-05
12.455	1.7016e-05
12.46	1.76905e-05
12.465	1.85383e-05
12.47	1.92983e-05
12.475	2.02286e-05
12.48	2.10492e-05
12.485	2.20074e-05
12.49	2.26909e-05
12.495	2.34312e-05
12.5	2.37559e-05
12.505	2.39409e-05
12.51	2.36538e-05
12.515	2.32481e-05
12.52	2.25387e-05
12.525	2.19338e-05
12.53	2.12441e-05
12.535	2.06739e-05
12.54	2.00704e-05
12.545	1.95124e-05
12.55	1.90497e-05
12.555	1.85494e-05
12.56	1.82175e-05
12.565	1.77661e-05
12.57	1.73884e-05
12.575	1.67792e-05
12.58	1.61749e-05
12.585	1.52926e-05
12.59	1.44909e-05
12.595	1.34686e-05
12.6	1.25913e-05
12.605	1.16695e-05
12.61	1.09224e-05
12.615	1.01109e-05
12.62	9.58283e-06
12.625	8.9908e-06
12.63	8.66237e-06
12.635	8.21218e-06
12.64	7.971e-06
12.645	7.47939e-06
12.65	7.06002e-06
12.655	6.38177e-06
12.66	5.82166e-06
12.665	5.11324e-06
12.67	4.65819e-06
12.675	4.2363e-06
12.68	4.02121e-06
12.685	3.81487e-06
12.69	3.7521e-06
12.695	3.73432e-06
12.7	3.8827e-06
12.705	4.06236e-06
12.71	4.40496e-06
12.715	4.63048e-06
12.72	4.94592e-06
12.725	5.04131e-06
12.73	5.21889e-06
12.735	5.18182e-06
12.74	5.30252e-06
12.745	5.27727e-06
12.75	5.46704e-06
12.755	5.55208e-06
12.76	5.87185e-06
12.765	6.07999e-06
12.77	6.48324e-06
12.775	6.71047e-06
12.78	7.05053e-06
12.785	7.01403e-06
12.79	7.00196e-06
12.795	6.55631e-06
12.8	6.06427e-06
12.805	5.31424e-06
12.81	4.74937e-06
12.815	4.1597e-06
12.82	3.80941e-06
12.825	3.53807e-06
12.83	3.42547e-06
12.835	3.40986e-06
12.84	3.57031e-06
12.845	3.81826e-06
12.85	4.25316e-06
12.855	4.63995e-06
12.86	5.13891e-06
12.865	5.45959e-06
12.87	5.83961e-06
12.875	6.01508e-06
12.88	6.35278e-06
12.885	6.53147e-06
12.89	6.94269e-06
12.895	7.25322e-06
12.9	7.80711e-06
12.905	8.27169e-06
12.91	8.95615e-06
12.915	9.5085e-06
12.92	1.02125e-05
12.925	1.06584e-05
12.93	1.1121e-05
12.935	1.11805e-05
12.94	1.11596e-05
12.945	1.07491e-05
12.95	1.041e-05
12.955	9.96771e-06
12.96	9.72622e-06
12.965	9.54351e-06
12.97	9.51363e-06
12.975	9.58289e-06
12.98	9.79452e-06
12.985	1.00868e-05
12.99	1.05721e-05
12.995	1.10568e-05
13	1.16948e-05
13.005	1.21586e-05
13.01	1.27025e-05
13.015	1.2981e-05
13.02	1.33547e-05
13.025	1.35173e-05
13.03	1.38443e-05
13.035	1.40194e-05
13.04	1.4413e-05
13.045	1.46976e-05
13.05	1.52078e-05
13.055	1.55917e-05
13.06	1.61405e-05
13.065	1.64809e-05
13.07	1.68915e-05
13.075	1.68849e-05
13.08	1.68672e-05
13.085	1.64227e-05
13.09	1.5946e-05
13.095	1.53108e-05
13.1	1.4824e-05
13.105	1.43743e-05
13.11	1.41325e-05
13.115	1.39676e-05
13.12	1.39604e-05
13.125	1.40429e-05
13.13	1.43372e-05
13.135	1.47013e-05
13.14	1.52866e-05
13.145	1.5774e-05
13.15	1.63965e-05
13.155	1.67886e-05
13.16	1.72822e-05
13.165	1.75608e-05
13.17	1.79711e-05
13.175	1.82161e-05
13.18	1.86387e-05
13.185	1.89297e-05
13.19	1.94151e-05
13.195	1.97609e-05
13.2	2.02722e-05
13.205	2.06098e-05
13.21	2.10548e-05
13.215	2.11152e-05
13.22	2.12273e-05
13.225	2.08609e-05
13.23	2.04584e-05
13.235	1.96886e-05
13.24	1.90384e-05
13.245	1.83179e-05
13.25	1.78224e-05
13.255	1.73792e-05
13.26	1.7087e-05
13.265	1.68667e-05
13.27	1.68196e-05
13.275	1.68601e-05
13.28	1.70848e-05
13.285	1.73033e-05
13.29	1.76589e-05
13.295	1.78262e-05
13.3	1.80573e-05
13.305	1.80799e-05
13.31	1.82185e-05
13.315	1.81766e-05
13.32	1.832e-05
13.325	1.83792e-05
13.33	1.86667e-05
13.335	1.88657e-05
13.34	1.92899e-05
13.345	1.9606e-05
13.35	2.00875e-05
13.355	2.03587e-05
13.36	2.06711e-05
13.365	2.05965e-05
13.37	2.04304e-05
13.375	1.99196e-05
13.38	1.93769e-05
13.385	1.8644e-05
13.39	1.80795e-05
13.395	1.74963e-05
13.4	1.70348e-05
13.405	1.65573e-05
13.41	1.61426e-05
13.415	1.57203e-05
13.42	1.54065e-05
13.425	1.50533e-05
13.43	1.47957e-05
13.435	1.43719e-05
13.44	1.40131e-05
13.445	1.34067e-05
13.45	1.28917e-05
13.455	1.21816e-05
13.46	1.16252e-05
13.465	1.10133e-05
13.47	1.05745e-05
13.475	1.00766e-05
13.48	9.83047e-06
13.485	9.5101e-06
13.49	9.41236e-06
13.495	9.18579e-06
13.5	9.0948e-06
13.505	8.72505e-06
13.51	8.35603e-06
13.515	7.63509e-06
13.52	6.91257e-06
13.525	5.96766e-06
13.53	5.23647e-06
13.535	4.52562e-06
13.54	4.07443e-06
13.545	3.71554e-06
13.55	3.53799e-06
13.555	3.45958e-06
13.56	3.58546e-06
13.565	3.77977e-06
13.57	4.17759e-06
13.575	4.5081e-06
13.58	4.97449e-06
13.585	5.21186e-06
13.59	5.51496e-06
13.595	5.59157e-06
13.6	5.78442e-06
13.605	5.79832e-06
13.61	6.01477e-06
13.615	6.10744e-06
13.62	6.43069e-06
13.625	6.64627e-06
13.63	7.07814e-06
13.635	7.35342e-06
13.64	7.78285e-06
13.645	7.88676e-06
13.65	8.05358e-06
13.655	7.77585e-06
13.66	7.44539e-06
13.665	6.7391e-06
13.67	6.1295e-06
13.675	5.42762e-06
13.68	4.97206e-06
13.685	4.55281e-06
13.69	4.34339e-06
13.695	4.20295e-06
13.7	4.22403e-06
13.705	4.34051e-06
13.71	4.67855e-06
13.715	5.0057e-06
13.72	5.48997e-06
13.725	5.82488e-06
13.73	6.23308e-06
13.735	6.39365e-06
13.74	6.66398e-06
13.745	6.72538e-06
13.75	6.97004e-06
13.755	7.08397e-06
13.76	7.42373e-06
13.765	7.68697e-06
13.77	8.18652e-06
13.775	8.59016e-06
13.78	9.21452e-06
13.785	9.62362e-06
13.79	1.02237e-05
13.795	1.0455e-05
13.8	1.0685e-05
13.805	1.05319e-05
13.81	1.0444e-05
13.815	1.01663e-05
13.82	1.01713e-05
13.825	1.02303e-05
13.83	1.05481e-05
13.835	1.09656e-05
13.84	1.15942e-05
13.845	1.23239e-05
13.85	1.32756e-05
13.855	1.42709e-05
13.86	1.54611e-05
13.865	1.65252e-05
13.87	1.76679e-05
13.875	1.85287e-05
13.88	1.93948e-05
13.885	1.99863e-05
13.89	2.06169e-05
13.895	2.0995e-05
13.9	2.14943e-05
13.905	2.17728e-05
13.91	2.22155e-05
13.915	2.24428e-05
13.92	2.27734e-05
13.925	2.28275e-05
13.93	2.28693e-05
13.935	2.25017e-05
13.94	2.20125e-05
13.945	2.09553e-05
13.95	1.97285e-05
13.955	1.81486e-05
13.96	1.66117e-05
13.965	1.49798e-05
13.97	1.35495e-05
13.975	1.21492e-05
13.98	1.0915e-05
13.985	9.82566e-06
13.99	8.86102e-06
13.995	8.10622e-06
14	7.45652e-06
14.005	7.03398e-06
14.01	6.55657e-06
14.015	6.25669e-06
14.02	5.80786e-06
14.025	5.54143e-06
14.03	5.17942e-06
14.035	5.08373e-06
14.04	4.94692e-06
14.045	5.09921e-06
14.05	5.20852e-06
14.055	5.58403e-06
14.06	5.88113e-06
14.065	6.38924e-06
14.07	6.7374e-06
14.075	7.17668e-06
14.08	7.28049e-06
14.085	7.33795e-06
14.09	6.91235e-06
14.095	6.43937e-06
14.1	5.66417e-06
14.105	5.03865e-06
14.11	4.36665e-06
14.115	3.90835e-06
14.12	3.52479e-06
14.125	3.29787e-06
14.13	3.1611e-06
14.135	3.22116e-06
14.14	3.3502e-06
14.145	3.69623e-06
14.15	3.98518e-06
14.155	4.42511e-06
14.16	4.64457e-06
14.165	4.93254e-06
14.17	4.98836e-06
14.175	5.16177e-06
14.18	5.15705e-06
14.185	5.35084e-06
14.19	5.42507e-06
14.195	5.72976e-06
14.2	5.93694e-06
14.205	6.36285e-06
14.21	6.64923e-06
14.215	7.09296e-06
14.22	7.21102e-06
14.225	7.41736e-06
14.23	7.16954e-06
14.235	6.85711e-06
14.24	6.15864e-06
14.245	5.53335e-06
14.25	4.81102e-06
14.255	4.32121e-06
14.26	3.87917e-06
14.265	3.6502e-06
14.27	3.49356e-06
14.275	3.49702e-06
14.28	3.58667e-06
14.285	3.88083e-06
14.29	4.1744e-06
14.295	4.62651e-06
14.3	4.92812e-06
14.305	5.29804e-06
14.31	5.42959e-06
14.315	5.67343e-06
14.32	5.72403e-06
14.325	5.95916e-06
14.33	6.06988e-06
14.335	6.42762e-06
14.34	6.69452e-06
14.345	7.19205e-06
14.35	7.58989e-06
14.355	8.18487e-06
14.36	8.57591e-06
14.365	9.09214e-06
14.37	9.24118e-06
14.375	9.34204e-06
14.38	9.06828e-06
14.385	8.80802e-06
14.39	8.36288e-06
14.395	8.18191e-06
14.4	8.05852e-06
14.405	8.21136e-06
14.41	8.47352e-06
14.415	8.96894e-06
14.42	9.58178e-06
14.425	1.04195e-05
14.43	1.13526e-05
14.435	1.25015e-05
14.44	1.35259e-05
14.445	1.4688e-05
14.45	1.55754e-05
14.455	1.65333e-05
14.46	1.72636e-05
14.465	1.81209e-05
14.47	1.87696e-05
14.475	1.96289e-05
14.48	2.03246e-05
14.485	2.12326e-05
14.49	2.19625e-05
14.495	2.28252e-05
14.5	2.34277e-05
