0	0
0.2	0.0644076
0.4	0.200821
0.6	0.208279
0.8	0.285308
1	0.341624
1.2	0.386313
1.4	0.468775
1.6	0.54501
1.8	0.596364
2	0.610759
2.2	0.59775
2.4	0.644699
2.6	0.525643
2.8	0.588144
3	0.540448
3.2	0.466474
3.4	0.439423
3.6	0.56415
3.8	0.509705
4	0.614822
4.2	0.634014
4.4	0.657259
4.6	0.593564
4.8	0.605586
5	0.636343
5.2	0.599459
5.4	0.55356
5.6	0.394584
5.8	0.341898
6	0.239159
6.2	0.177595
6.4	0.07941
6.6	-0.0521978
6.8	-0.164851
7	-0.273216
7.2	-0.351241
7.4	-0.436344
7.6	-0.532627
7.8	-0.598542
8	-0.611533
8.2	-0.609562
8.4	-0.578888
8.6	-0.543266
8.8	-0.476467
9	-0.440888
9.2	-0.39802
9.4	-0.327268
9.6	-0.254327
9.8	-0.183444
10	-0.138104
10.2	-0.081035
10.4	0.0133954
10.6	0.101143
10.8	0.198373
11	0.275996
11.2	0.347426
11.4	0.406015
11.6	0.441795
11.8	0.464864
12	0.475592
12.2	0.471655
12.4	0.455188
12.6	0.440793
12.8	0.402865
13	0.35442
13.2	0.286108
13.4	0.224284
13.6	0.145586
13.8	0.0462557
14	-0.0628987
14.2	-0.17423
14.4	-0.287839
14.6	-0.391199
14.8	-0.487043
15	-0.573985
15.2	-0.643785
15.4	-0.694044
15.6	-0.722849
15.8	-0.728507
16	-0.710147
16.2	-0.668868
16.4	-0.603913
16.6	-0.514419
16.8	-0.409324
17	-0.285182
17.2	-0.156116
17.4	-0.00761244
17.6	0.15401
17.8	0.328473
18	0.507703
18.2	0.686254
18.4	0.85987
18.6	1.02854
18.8	1.17382
19	1.29217
19.2	1.38458
19.4	1.44813
19.6	1.48149
19.8	1.48235
20	1.45173
20.2	1.38634
20.4	1.28919
20.6	1.16185
20.8	1.00221
21	0.819767
21.2	0.617904
21.4	0.401475
21.6	0.174554
21.8	-0.0546307
22	-0.283164
22.2	-0.507601
22.4	-0.719732
22.6	-0.913748
22.8	-1.08405
23	-1.2233
23.2	-1.33431
23.4	-1.40653
23.6	-1.43864
23.8	-1.42118
24	-1.37055
24.2	-1.27937
24.4	-1.14613
24.6	-0.970208
24.8	-0.757394
25	-0.510944
25.2	-0.233814
25.4	0.0625819
25.6	0.373284
25.8	0.691881
26	1.01081
26.2	1.3259
26.4	1.61822
26.6	1.88528
26.8	2.11752
27	2.31282
27.2	2.47608
27.4	2.59014
27.6	2.64805
27.8	2.64694
28	2.58587
28.2	2.46466
28.4	2.28577
28.6	2.05214
28.8	1.76955
29	1.45335
29.2	1.08608
29.4	0.687448
29.6	0.25892
29.8	-0.183283
30	-0.634311
30.2	-1.07937
30.4	-1.50776
30.6	-1.9112
30.8	-2.2799
31	-2.5979
31.2	-2.85079
31.4	-3.05092
31.6	-3.17904
31.8	-3.21999
32	-3.17803
32.2	-3.0463
32.4	-2.81961
32.6	-2.52464
32.8	-2.15324
33	-1.69281
33.2	-1.18662
33.4	-0.63298
33.6	-0.0103146
33.8	0.64578
34	1.30108
34.2	1.94969
34.4	2.58487
34.6	3.17547
34.8	3.70412
35	4.16791
35.2	4.56994
35.4	4.90539
35.6	5.15113
35.8	5.27414
36	5.28133
36.2	5.1836
36.4	4.9713
36.6	4.66247
36.8	4.21372
37	3.64322
37.2	2.95795
37.4	2.19742
37.6	1.37185
37.8	0.491535
38	-0.430901
38.2	-1.3513
38.4	-2.25665
38.6	-3.17275
38.8	-4.04411
39	-4.87124
39.2	-5.59889
39.4	-6.20264
39.6	-6.67054
39.8	-7.00104
40	-7.16103
40.2	-7.14992
40.4	-6.96807
40.6	-6.59873
40.8	-6.06095
41	-5.32197
41.2	-4.44622
41.4	-3.41987
41.6	-2.26534
41.8	-1.00838
42	0.30031
42.2	1.66799
42.4	3.05804
42.6	4.46641
42.8	5.79396
43	7.09437
43.2	8.24101
43.4	9.28582
43.6	10.1347
43.8	10.831
44	11.3093
44.2	11.4133
44.4	11.3859
44.6	11.0545
44.8	10.4989
45	9.65901
45.2	8.59259
45.4	7.21666
45.6	5.62177
45.8	3.92302
46	2.13179
46.2	0.0310421
46.4	-2.02518
46.6	-4.0613
46.8	-6.12317
47	-8.06209
47.2	-10.0259
47.4	-11.7887
47.6	-13.3608
47.8	-14.6402
48	-15.566
48.2	-16.0424
48.4	-16.2074
48.6	-15.9428
48.8	-15.4712
49	-14.5304
49.2	-13.2249
49.4	-11.4976
49.6	-9.43936
49.8	-6.92895
50	-4.10209
50.2	-1.11776
50.4	2.10594
50.6	5.28999
50.8	8.41227
51	11.5424
51.2	14.6635
51.4	17.5899
51.6	20.1515
51.8	22.2193
52	23.8946
52.2	25.1854
52.4	25.7275
52.6	25.5697
52.8	24.8149
53	23.4911
53.2	21.6588
53.4	19.0703
53.6	15.8613
53.8	12.1617
54	7.97251
54.2	3.42582
54.4	-1.25533
54.6	-5.95816
54.8	-10.9963
55	-15.9029
55.2	-20.6678
55.4	-25.0592
55.6	-28.8617
55.8	-32.1402
56	-34.4205
56.2	-36.0259
56.4	-36.5854
56.6	-36.2597
56.8	-34.9684
57	-32.83
57.2	-29.6644
57.4	-25.484
57.6	-20.4306
57.8	-14.1263
58	-7.72167
58.2	-0.468529
58.4	7.06722
58.6	14.6534
58.8	22.1847
59	29.5421
59.2	36.6649
59.4	42.6487
59.6	47.6959
59.8	51.3652
60	53.6325
60.2	54.6372
60.4	53.838
60.6	51.9026
60.8	47.7021
61	42.3622
61.2	35.1158
61.4	26.5157
61.6	16.9613
61.8	6.46861
62	-4.38651
62.2	-15.7654
62.4	-27.0707
62.6	-38.2005
62.8	-48.4542
63	-57.5099
63.2	-64.5465
63.4	-69.7029
63.6	-72.9069
63.8	-72.9845
64	-71.5143
64.2	-67.6316
64.4	-61.3079
64.6	-52.5232
64.8	-41.305
65	-28.3477
65.2	-14.0616
65.4	1.21132
65.6	16.7008
65.8	31.9494
66	46.7109
66.2	60.894
66.4	73.2576
66.6	83.3968
66.8	90.82
67	94.6217
67.2	95.715
67.4	93.0044
67.6	87.2319
67.8	78.1573
68	65.9846
68.2	51.4354
68.4	33.9151
68.6	15.2398
68.8	-4.42224
69	-23.9961
69.2	-43.8015
69.4	-62.0135
69.6	-78.6688
69.8	-93.3021
70	-104.065
70.2	-111.007
70.4	-113.756
70.6	-112.601
70.8	-106.8
71	-96.5772
71.2	-82.4204
71.4	-65.2826
71.6	-45.293
71.8	-23.3317
72	0.217703
72.2	24.2281
72.4	47.7862
72.6	70.129
72.8	89.3805
73	106.229
73.2	119.464
73.4	128.477
73.6	131.54
73.8	130.058
74	123.563
74.2	112.192
74.4	96.5147
74.6	76.6658
74.8	53.8617
75	28.2243
75.2	1.49561
75.4	-25.3253
75.6	-51.1612
75.8	-76.2364
76	-98.1731
76.2	-116.771
76.4	-130.998
76.6	-139.691
76.8	-142.728
77	-140.359
77.2	-132.544
77.4	-118.71
77.6	-99.9699
77.8	-77.5881
78	-51.8543
78.2	-24.0041
78.4	5.62416
78.6	35.0677
78.8	63.5962
79	90.0799
79.2	112.351
79.4	130.723
79.6	144.44
79.8	152.724
80	153.911
80.2	149.053
80.4	138.498
80.6	122.708
80.8	101.755
81	76.2727
81.2	48.1679
81.4	17.4006
81.6	-14.0646
81.8	-44.7684
82	-73.6881
82.2	-100.091
82.4	-122.831
82.6	-140.818
82.8	-152.986
83	-158.672
83.2	-157.692
83.4	-150.862
83.6	-137.712
83.8	-118.175
84	-94.1342
84.2	-66.8314
84.4	-35.9426
84.6	-3.89028
84.8	28.8114
85	60.304
85.2	89.8877
85.4	115.545
85.6	136.818
85.8	152.55
86	162.56
86.2	165.673
86.4	161.629
86.6	151.148
86.8	135.028
87	113.368
87.2	86.7244
87.4	56.7108
87.6	24.4543
87.8	-9.26303
88	-42.4089
88.2	-73.2012
88.4	-101.829
88.6	-126.49
88.8	-145.56
89	-159.295
89.2	-166.286
89.4	-165.832
89.6	-159.117
89.8	-145.895
90	-125.951
90.2	-101.119
90.4	-72.6912
90.6	-40.565
90.8	-7.17595
91	27.2067
91.2	59.9853
91.4	90.7817
91.6	117.999
91.8	140.368
92	156.836
92.2	167.39
92.4	170.95
92.6	166.906
92.8	156.267
93	139.783
93.2	117.512
93.4	90.192
93.6	59.2802
93.8	26.5399
94	-8.5911
94.2	-42.6215
94.4	-74.3215
94.6	-103.743
94.8	-129.03
95	-148.556
95.2	-162.451
95.4	-169.753
95.6	-169.294
95.8	-162.261
96	-148.672
96.2	-128.365
96.4	-102.955
96.6	-73.8424
96.8	-41.0925
97	-7.08719
97.2	27.9352
97.4	61.303
97.6	92.5485
97.8	120.153
98	142.732
98.2	159.285
98.4	169.804
98.6	173.196
98.8	168.882
99	157.874
99.2	140.93
99.4	118.178
99.6	90.3658
99.8	58.9554
100	25.7286
100.2	-9.83426
100.4	-44.2418
100.6	-76.1828
100.8	-105.802
101	-131.153
101.2	-150.618
101.4	-164.418
101.6	-171.381
101.8	-170.587
102	-163.156
102.2	-149.13
102.4	-128.351
102.6	-102.507
102.8	-72.9878
103	-39.823
103.2	-5.46694
103.4	29.7862
103.6	63.3303
103.8	94.6301
104	122.175
104.2	144.619
104.4	160.924
104.6	171.124
104.8	174.096
105	169.395
105.2	157.872
105.4	140.489
105.6	117.344
105.8	89.0817
106	57.3524
106.2	23.8243
106.4	-11.9568
106.6	-46.4654
106.8	-78.403
107	-107.843
107.2	-133.104
107.4	-152.267
107.6	-165.876
107.8	-172.202
108	-170.927
108.2	-163.143
108.4	-148.555
108.6	-127.257
108.8	-101.035
109	-71.1464
109.2	-37.7223
109.4	-3.19068
109.6	32.126
109.8	65.6374
110	96.8323
110.2	124.12
110.4	146.288
110.6	162.194
110.8	171.97
111	174.341
111.2	169.221
111.4	157.18
111.6	139.348
111.8	115.767
112	87.168
112.2	55.1933
112.4	21.1495
112.6	-14.366
112.8	-48.8668
113	-80.7331
113.2	-109.923
113.4	-134.886
113.6	-153.685
113.8	-166.9
114	-172.613
114.2	-170.864
114.4	-162.568
114.6	-147.497
114.8	-125.688
115	-99.106
115.2	-68.9431
115.4	-35.5106
115.6	-0.621675
115.8	34.6321
116	68.0734
116.2	99.144
116.4	126.029
116.6	147.744
116.8	163.343
117	172.596
117.2	174.356
117.4	168.751
117.6	156.182
117.8	137.892
118	113.923
118.2	84.9285
118.4	52.8006
118.6	18.3577
118.8	-16.9839
119	-51.3619
119.2	-83.1566
119.4	-112.022
119.6	-136.497
119.8	-154.997
120	-167.673
120.2	-172.851
120.4	-170.561
120.6	-161.766
120.8	-146.184
121	-123.946
121.2	-97.0271
121.4	-66.5714
121.6	-32.9676
121.8	2.12985
122	37.2154
122.2	70.5715
122.4	101.684
122.6	127.917
122.8	149.122
123	164.366
123.2	173.039
123.4	174.208
123.6	167.871
123.8	155.04
124	136.315
124.2	111.842
124.4	82.6107
124.6	50.2977
124.8	15.6903
125	-19.6886
125.2	-53.9073
125.4	-85.5366
125.6	-114.081
125.8	-138.074
126	-156.246
126.2	-168.352
126.4	-172.938
126.6	-170.115
126.8	-160.826
127	-144.72
127.2	-122.089
127.4	-94.8161
127.6	-63.7517
127.8	-30.3498
128	4.97545
128.2	39.8603
128.4	73.0613
128.6	103.971
128.8	129.75
129	150.451
129.2	165.276
129.4	173.466
129.6	173.978
129.8	167.136
130	153.806
130.2	134.552
130.4	109.745
130.6	80.1302
130.8	47.7372
131	12.9663
131.2	-22.3942
131.4	-56.4482
131.6	-87.8734
131.8	-116.147
132	-139.646
132.2	-157.411
132.4	-169.023
132.6	-172.983
132.8	-169.649
133	-159.803
133.2	-143.222
133.4	-120.074
133.6	-92.5491
133.8	-61.2026
134	-27.8584
134.2	7.71904
134.4	42.5743
134.6	75.5438
134.8	106.237
135	131.548
135.2	151.801
135.4	166.152
135.6	174.046
135.8	173.7
136	166.355
136.2	152.529
136.4	132.792
136.6	107.62
136.8	77.7647
137	45.1503
137.2	10.2203
137.4	-25.0965
137.6	-58.7979
137.8	-90.1702
138	-118.224
138.2	-141.203
138.4	-158.526
138.6	-169.635
138.8	-173.078
139	-169.14
139.2	-158.687
139.4	-141.698
139.6	-118.069
139.8	-90.2728
140	-58.6603
140.2	-25.1749
140.4	10.4457
140.6	45.1858
140.8	77.9998
141	108.42
141.2	133.306
141.4	153.152
141.6	167.001
141.8	174.311
142	173.397
142.2	165.569
142.4	151.209
142.6	131.013
142.8	105.499
143	75.2607
143.2	42.5578
143.4	7.38981
143.6	-27.783
143.8	-61.182
144	-92.4707
144.2	-120.211
144.4	-142.79
144.6	-159.599
144.8	-170.2
145	-173.048
145.2	-168.571
145.4	-157.563
145.6	-140.103
145.8	-116.091
146	-87.9758
146.2	-56.1287
146.4	-22.4953
146.6	13.1784
146.8	47.7812
147	80.5126
147.2	110.559
147.4	135.065
147.6	154.511
147.8	167.862
148	174.523
148.2	173.069
148.4	164.731
148.6	149.854
148.8	129.171
149	103.339
