8.002057613168724 -0.060751677852349
8.154320987654321 -0.006201342281879213
8.08230452674897 -0.027033557046979878
8.207818930041153 0.0011006711409395908
8.271604938271604 -0.004053691275167803
8.335390946502057 -0.017369127516778535
8.38888888888889 -0.03884563758389263
8.5 -0.08544966442953021
8.613168724279836 -0.12260402684563759
8.691358024691358 -0.12861744966442953
8.851851851851851 -0.09124832214765102
8.94238683127572 -0.049369127516778535
9.045267489711934 -0.013932885906040277
9.12551440329218 0.0013154362416107346
9.277777777777779 -0.025530201342281886
9.323045267489713 -0.04657718120805371
9.415637860082304 -0.08523489932885908
9.497942386831276 -0.11573154362416109
9.549382716049383 -0.12561073825503358
9.609053497942387 -0.12861744966442953
9.703703703703704 -0.1116510067114094
9.851851851851851 -0.05323489932885907
9.997942386831276 -0.003624161073825516
9.220164609053498 -0.009637583892617457
9.91358024691358 -0.026818791946308734
9.781893004115226 -0.08416107382550336
8.753086419753087 -0.12153020134228189
9.670781893004115 -0.12131543624161076
8.572016460905349 -0.11336912751677854
8.792181069958847 -0.11036241610738257
