-3.908132530120482  0.05076335877862596
-1.2725903614457827 0.08950381679389313
-0.40662650602409567 0.12022900763358779
-0.25602409638554136 0.24045801526717558
-0.14307228915662584 0.35
0.04518072289156638 0.47022900763358777
0.3840361445783138 0.5396946564885496
0.798192771084338 0.5690839694656489
2.0406626506024104 0.5797709923664123
2.8689759036144586 0.5690839694656489
3.5466867469879517 0.47022900763358777
4.563253012048193 0.29923664122137406
6.031626506024097 0.14026717557251908
8.102409638554217 0.08148854961832061
12.055722891566266 0.04007633587786259
16.046686746987955 0.029389312977099236
