0	-2.50042e-05
0.005	-7.49944e-05
0.01	-0.000174782
0.015	-0.00032361
0.02	-0.000519608
0.025	-0.000759749
0.03	-0.0010414
0.035	-0.00136603
0.04	-0.00174359
0.045	-0.00219414
0.05	-0.00274343
0.055	-0.00341325
0.06	-0.0042126
0.065	-0.00513623
0.07	-0.00617203
0.075	-0.00731049
0.08	-0.00854823
0.085	-0.00988361
0.09	-0.011311
0.095	-0.0128208
0.1	-0.0144047
0.105	-0.0160602
0.11	-0.0177886
0.115	-0.01959
0.12	-0.0214601
0.125	-0.0233893
0.13	-0.0253635
0.135	-0.0273625
0.14	-0.0293627
0.145	-0.031344
0.15	-0.0332988
0.155	-0.0352333
0.16	-0.0371615
0.165	-0.0390945
0.17	-0.0410377
0.175	-0.0429926
0.18	-0.0449619
0.185	-0.0469512
0.19	-0.0489664
0.195	-0.0510101
0.2	-0.0530784
0.205	-0.0551634
0.21	-0.0572591
0.215	-0.0593682
0.22	-0.0615032
0.225	-0.0636805
0.23	-0.0659115
0.235	-0.0681982
0.24	-0.0705341
0.245	-0.0729063
0.25	-0.0752974
0.255	-0.0776881
0.26	-0.080061
0.265	-0.0824047
0.27	-0.0847117
0.275	-0.0869737
0.28	-0.0891808
0.285	-0.0913259
0.29	-0.0934101
0.295	-0.0954417
0.3	-0.0974271
0.305	-0.099363
0.31	-0.101235
0.315	-0.103025
0.32	-0.104721
0.325	-0.106323
0.33	-0.107838
0.335	-0.109276
0.34	-0.110646
0.345	-0.111959
0.35	-0.113224
0.355	-0.114452
0.36	-0.11565
0.365	-0.116827
0.37	-0.117983
0.375	-0.119114
0.38	-0.120211
0.385	-0.121259
0.39	-0.12225
0.395	-0.123179
0.4	-0.124055
0.405	-0.124885
0.41	-0.125674
0.415	-0.12642
0.42	-0.127114
0.425	-0.127744
0.43	-0.128301
0.435	-0.128779
0.44	-0.129172
0.445	-0.129469
0.45	-0.129652
0.455	-0.129709
0.46	-0.129642
0.465	-0.129461
0.47	-0.129185
0.475	-0.128825
0.48	-0.128386
0.485	-0.12787
0.49	-0.127278
0.495	-0.126609
0.5	-0.12586
0.505	-0.125035
0.51	-0.124136
0.515	-0.12317
0.52	-0.122142
0.525	-0.121056
0.53	-0.119921
0.535	-0.118752
0.54	-0.117568
0.545	-0.116379
0.55	-0.115185
0.555	-0.113972
0.56	-0.112723
0.565	-0.111424
0.57	-0.110067
0.575	-0.108652
0.58	-0.107177
0.585	-0.105639
0.59	-0.104034
0.595	-0.10236
0.6	-0.100623
0.605	-0.0988309
0.61	-0.096988
0.615	-0.0950912
0.62	-0.0931304
0.625	-0.0910944
0.63	-0.088976
0.635	-0.0867746
0.64	-0.0844976
0.645	-0.0821603
0.65	-0.0797841
0.655	-0.0773901
0.66	-0.0749938
0.665	-0.0726037
0.67	-0.0702266
0.675	-0.0678716
0.68	-0.0655491
0.685	-0.0632641
0.69	-0.0610121
0.695	-0.0587828
0.7	-0.05657
0.705	-0.0543789
0.71	-0.0522244
0.715	-0.0501218
0.72	-0.0480783
0.725	-0.0460909
0.73	-0.0441498
0.735	-0.0422419
0.74	-0.0403529
0.745	-0.0384694
0.75	-0.0365816
0.755	-0.0346847
0.76	-0.0327768
0.765	-0.030858
0.77	-0.028931
0.775	-0.0270038
0.78	-0.0250903
0.785	-0.0232069
0.79	-0.0213667
0.795	-0.019575
0.8	-0.017828
0.805	-0.0161173
0.81	-0.0144385
0.815	-0.0127996
0.82	-0.0112201
0.825	-0.00972348
0.83	-0.00832655
0.835	-0.00703786
0.84	-0.00586311
0.845	-0.00480949
0.85	-0.00388312
0.855	-0.00308333
0.86	-0.00240089
0.865	-0.00182186
0.87	-0.00133201
0.875	-0.000918613
0.88	-0.000571649
0.885	-0.000286896
0.89	-6.84849e-05
0.895	7.41047e-05
0.9	0.000134675
0.905	0.000118001
0.91	3.97847e-05
0.915	-8.11015e-05
0.92	-0.000231456
0.925	-0.000407092
0.93	-0.000609725
0.935	-0.00084188
0.94	-0.00110512
0.945	-0.00140307
0.95	-0.00174597
0.955	-0.00215174
0.96	-0.0026413
0.965	-0.00323099
0.97	-0.00392734
0.975	-0.00472712
0.98	-0.00562187
0.985	-0.0066033
0.99	-0.00766734
0.995	-0.00881595
1	-0.0100566
1.005	-0.0113995
1.01	-0.0128524
1.015	-0.0144165
1.02	-0.0160848
1.025	-0.0178455
1.03	-0.0196865
1.035	-0.0215977
1.04	-0.0235671
1.045	-0.0255762
1.05	-0.0276005
1.055	-0.0296188
1.06	-0.0316235
1.065	-0.0336218
1.07	-0.035627
1.075	-0.0376473
1.08	-0.0396824
1.085	-0.0417267
1.09	-0.0437733
1.095	-0.0458155
1.1	-0.0478479
1.105	-0.0498684
1.11	-0.051881
1.115	-0.0538933
1.12	-0.0559138
1.125	-0.0579496
1.13	-0.0600093
1.135	-0.0621051
1.14	-0.0642505
1.145	-0.0664541
1.15	-0.0687139
1.155	-0.0710156
1.16	-0.0733376
1.165	-0.0756595
1.17	-0.0779697
1.175	-0.0802669
1.18	-0.0825543
1.185	-0.0848317
1.19	-0.0870923
1.195	-0.0893261
1.2	-0.0915251
1.205	-0.093685
1.21	-0.0958002
1.215	-0.0978597
1.22	-0.0998476
1.225	-0.101748
1.23	-0.103551
1.235	-0.105252
1.24	-0.106853
1.245	-0.108367
1.25	-0.109808
1.255	-0.111194
1.26	-0.112534
1.265	-0.113828
1.27	-0.11507
1.275	-0.116258
1.28	-0.117396
1.285	-0.118486
1.29	-0.119531
1.295	-0.120524
1.3	-0.121462
1.305	-0.122347
1.31	-0.123193
1.315	-0.124011
1.32	-0.124811
1.325	-0.12559
1.33	-0.126335
1.335	-0.12703
1.34	-0.127658
1.345	-0.128208
1.35	-0.128671
1.355	-0.129039
1.36	-0.129309
1.365	-0.129478
1.37	-0.129543
1.375	-0.129508
1.38	-0.129381
1.385	-0.129167
1.39	-0.128873
1.395	-0.128498
1.4	-0.128033
1.405	-0.127466
1.41	-0.126788
1.415	-0.126002
1.42	-0.125119
1.425	-0.124159
1.43	-0.123133
1.435	-0.12205
1.44	-0.120916
1.445	-0.119742
1.45	-0.118546
1.455	-0.117336
1.46	-0.116111
1.465	-0.114861
1.47	-0.113573
1.475	-0.112239
1.48	-0.110853
1.485	-0.109419
1.49	-0.107941
1.495	-0.106428
1.5	-0.104885
1.505	-0.103309
1.51	-0.101693
1.515	-0.100026
1.52	-0.0983036
1.525	-0.0965187
1.53	-0.0946652
1.535	-0.0927343
1.54	-0.0907166
1.545	-0.0886075
1.55	-0.0864124
1.555	-0.0841491
1.56	-0.0818417
1.565	-0.079511
1.57	-0.0771666
1.575	-0.0748089
1.58	-0.072436
1.585	-0.0700507
1.59	-0.0676604
1.595	-0.0652737
1.6	-0.0628974
1.605	-0.0605377
1.61	-0.0582034
1.615	-0.0559063
1.62	-0.0536597
1.625	-0.0514748
1.63	-0.0493591
1.635	-0.047315
1.64	-0.0453364
1.645	-0.0434072
1.65	-0.0415046
1.655	-0.0396092
1.66	-0.0377137
1.665	-0.0358231
1.67	-0.0339466
1.675	-0.0320884
1.68	-0.0302463
1.685	-0.0284175
1.69	-0.0266031
1.695	-0.0248076
1.7	-0.0230342
1.705	-0.0212812
1.71	-0.0195429
1.715	-0.017814
1.72	-0.0160952
1.725	-0.0143962
1.73	-0.0127358
1.735	-0.0111387
1.74	-0.00962915
1.745	-0.00822536
1.75	-0.00693605
1.755	-0.00576112
1.76	-0.00469514
1.765	-0.003732
1.77	-0.00286884
1.775	-0.00210686
1.78	-0.00144814
1.785	-0.000891222
1.79	-0.000430639
1.795	-6.23171e-05
1.8	0.000210727
1.805	0.000380359
1.81	0.000443408
1.815	0.000410582
1.82	0.000305024
1.825	0.000151947
1.83	-3.08941e-05
1.835	-0.000235348
1.84	-0.00046029
1.845	-0.000709821
1.85	-0.000992736
1.855	-0.00132003
1.86	-0.00170044
1.865	-0.00213826
1.87	-0.00263578
1.875	-0.00319709
1.88	-0.00382801
1.885	-0.00453226
1.89	-0.00530834
1.895	-0.00615148
1.9	-0.00705997
1.905	-0.00804109
1.91	-0.00911216
1.915	-0.0102947
1.92	-0.0116046
1.925	-0.0130449
1.93	-0.0146052
1.935	-0.0162685
1.94	-0.0180189
1.945	-0.0198445
1.95	-0.0217346
1.955	-0.0236777
1.96	-0.0256615
1.965	-0.0276761
1.97	-0.0297162
1.975	-0.0317804
1.98	-0.0338684
1.985	-0.0359794
1.99	-0.0381099
1.995	-0.0402519
2	-0.0423912
2.005	-0.0445092
2.01	-0.0465905
2.015	-0.0486314
2.02	-0.0506431
2.025	-0.0526449
2.03	-0.0546533
2.035	-0.0566765
2.04	-0.0587174
2.045	-0.060781
2.05	-0.0628757
2.055	-0.0650079
2.06	-0.0671758
2.065	-0.0693701
2.07	-0.0715791
2.075	-0.0737941
2.08	-0.0760111
2.085	-0.0782322
2.09	-0.0804636
2.095	-0.0827126
2.1	-0.0849806
2.105	-0.0872592
2.11	-0.0895312
2.115	-0.0917758
2.12	-0.0939742
2.125	-0.0961124
2.13	-0.0981804
2.135	-0.100171
2.14	-0.102078
2.145	-0.103895
2.15	-0.105619
2.155	-0.107258
2.16	-0.108825
2.165	-0.110335
2.17	-0.11179
2.175	-0.113182
2.18	-0.114499
2.185	-0.115733
2.19	-0.116885
2.195	-0.117963
2.2	-0.118974
2.205	-0.119928
2.21	-0.120832
2.215	-0.121697
2.22	-0.122531
2.225	-0.123341
2.23	-0.124129
2.235	-0.124897
2.24	-0.125639
2.245	-0.126341
2.25	-0.126984
2.255	-0.12755
2.26	-0.128033
2.265	-0.128437
2.27	-0.128768
2.275	-0.12903
2.28	-0.12922
2.285	-0.12933
2.29	-0.129357
2.295	-0.129297
2.3	-0.12915
2.305	-0.128911
2.31	-0.128569
2.315	-0.128112
2.32	-0.127531
2.325	-0.12683
2.33	-0.126021
2.335	-0.125124
2.34	-0.124155
2.345	-0.123125
2.35	-0.122043
2.355	-0.120911
2.36	-0.119732
2.365	-0.118507
2.37	-0.117238
2.375	-0.115927
2.38	-0.114574
2.385	-0.113179
2.39	-0.111742
2.395	-0.110266
2.4	-0.108762
2.405	-0.107246
2.41	-0.105728
2.415	-0.104204
2.42	-0.102657
2.425	-0.101066
2.43	-0.0994172
2.435	-0.0977052
2.44	-0.0959262
2.445	-0.0940757
2.45	-0.0921495
2.455	-0.0901477
2.46	-0.0880758
2.465	-0.0859431
2.47	-0.0837608
2.475	-0.0815395
2.48	-0.0792856
2.485	-0.0769982
2.49	-0.0746716
2.495	-0.0723002
2.5	-0.0698854
2.505	-0.0674377
2.51	-0.0649757
2.515	-0.0625226
2.52	-0.0600997
2.525	-0.0577212
2.53	-0.0553938
2.535	-0.0531214
2.54	-0.0509098
2.545	-0.0487646
2.55	-0.0466848
2.555	-0.0446583
2.56	-0.0426672
2.565	-0.0406992
2.57	-0.0387535
2.575	-0.0368387
2.58	-0.0349649
2.585	-0.0331372
2.59	-0.031354
2.595	-0.0296081
2.6	-0.0278888
2.605	-0.0261831
2.61	-0.0244792
2.615	-0.0227706
2.62	-0.0210581
2.625	-0.0193474
2.63	-0.017645
2.635	-0.0159574
2.64	-0.0142952
2.645	-0.0126768
2.65	-0.0111259
2.655	-0.00966182
2.66	-0.00829188
2.665	-0.00701089
2.67	-0.00580948
2.675	-0.00468326
2.68	-0.003637
2.685	-0.00268278
2.69	-0.00183471
2.695	-0.00110397
2.7	-0.000496285
2.705	-1.27432e-05
2.71	0.000348096
2.715	0.000589522
2.72	0.000718392
2.725	0.000746835
2.73	0.000691326
2.735	0.000569593
2.74	0.000397784
2.745	0.000188279
2.75	-5.34278e-05
2.755	-0.00033185
2.76	-0.000659893
2.765	-0.00105007
2.77	-0.00150426
2.775	-0.00201178
2.78	-0.0025581
2.785	-0.00313582
2.79	-0.00374757
2.795	-0.00440002
2.8	-0.0050979
2.805	-0.00584453
2.81	-0.00664698
2.815	-0.00751884
2.82	-0.00847775
2.825	-0.00954051
2.83	-0.0107192
2.835	-0.0120189
2.84	-0.0134358
2.845	-0.0149577
2.85	-0.0165678
2.855	-0.0182512
2.86	-0.020001
2.865	-0.0218184
2.87	-0.0237088
2.875	-0.0256746
2.88	-0.0277108
2.885	-0.0298059
2.89	-0.031946
2.895	-0.0341196
2.9	-0.0363176
2.905	-0.0385291
2.91	-0.0407372
2.915	-0.0429217
2.92	-0.045067
2.925	-0.0471707
2.93	-0.0492434
2.935	-0.0513022
2.94	-0.0533614
2.945	-0.0554287
2.95	-0.0575061
2.955	-0.0595918
2.96	-0.0616818
2.965	-0.0637714
2.97	-0.0658588
2.975	-0.0679468
2.98	-0.070042
2.985	-0.0721503
2.99	-0.0742738
2.995	-0.0764141
3	-0.0785768
3.005	-0.0807716
3.01	-0.0830045
3.015	-0.085269
3.02	-0.0875439
3.025	-0.0898017
3.03	-0.0920195
3.035	-0.0941847
3.04	-0.0962931
3.045	-0.0983433
3.05	-0.100334
3.055	-0.102261
3.06	-0.104123
3.065	-0.105916
3.07	-0.10764
3.075	-0.109295
3.08	-0.110877
3.085	-0.112379
3.09	-0.11379
3.095	-0.115103
3.1	-0.116312
3.105	-0.117425
3.11	-0.118454
3.115	-0.11942
3.12	-0.120339
3.125	-0.121223
3.13	-0.122075
3.135	-0.122889
3.14	-0.123662
3.145	-0.124399
3.15	-0.1251
3.155	-0.125759
3.16	-0.126364
3.165	-0.126904
3.17	-0.127378
3.175	-0.127794
3.18	-0.128163
3.185	-0.128488
3.19	-0.128767
3.195	-0.12899
3.2	-0.129144
3.205	-0.129215
3.21	-0.12919
3.215	-0.129061
3.22	-0.128822
3.225	-0.128472
3.23	-0.128009
3.235	-0.127433
3.24	-0.12675
3.245	-0.125972
3.25	-0.125113
3.255	-0.124188
3.26	-0.1232
3.265	-0.122145
3.27	-0.121012
3.275	-0.119798
3.28	-0.118506
3.285	-0.117149
3.29	-0.115741
3.295	-0.114292
3.3	-0.112808
3.305	-0.111296
3.31	-0.109767
3.315	-0.108234
3.32	-0.106703
3.325	-0.10517
3.33	-0.103621
3.335	-0.102039
3.34	-0.10041
3.345	-0.0987232
3.35	-0.0969772
3.355	-0.0951739
3.36	-0.0933205
3.365	-0.0914241
3.37	-0.0894863
3.375	-0.0875019
3.38	-0.085464
3.385	-0.0833711
3.39	-0.0812255
3.395	-0.079028
3.4	-0.0767728
3.405	-0.0744517
3.41	-0.072064
3.415	-0.069622
3.42	-0.0671497
3.425	-0.0646746
3.43	-0.0622194
3.435	-0.0597976
3.44	-0.0574145
3.445	-0.0550704
3.45	-0.0527652
3.455	-0.0505003
3.46	-0.0482786
3.465	-0.0461023
3.47	-0.0439731
3.475	-0.0418927
3.48	-0.0398645
3.485	-0.0378934
3.49	-0.0359847
3.495	-0.0341425
3.5	-0.0323672
3.505	-0.0306511
3.51	-0.0289759
3.515	-0.027317
3.52	-0.0256538
3.525	-0.0239801
3.53	-0.0223037
3.535	-0.0206372
3.54	-0.0189891
3.545	-0.0173626
3.55	-0.0157619
3.555	-0.0141953
3.56	-0.0126733
3.565	-0.0112035
3.57	-0.00978825
3.575	-0.00842658
3.58	-0.00711788
3.585	-0.00586466
3.59	-0.00467453
3.595	-0.00356154
3.6	-0.00254577
3.605	-0.00164939
3.61	-0.000889512
3.615	-0.000271481
3.62	0.000212409
3.625	0.000577087
3.63	0.000836078
3.635	0.000996989
3.64	0.00106386
3.645	0.00104239
3.65	0.000941846
3.655	0.000771796
3.66	0.000537091
3.665	0.00023579
3.67	-0.000137737
3.675	-0.00058607
3.68	-0.00110273
3.685	-0.00167164
3.69	-0.00227313
3.695	-0.00289229
3.7	-0.00352355
3.705	-0.00417007
3.71	-0.00484136
3.715	-0.00555182
3.72	-0.00631836
3.725	-0.00715541
3.73	-0.0080707
3.735	-0.00906685
3.74	-0.0101473
3.745	-0.0113191
3.75	-0.0125871
3.755	-0.0139477
3.76	-0.0153893
3.765	-0.0169018
3.77	-0.0184867
3.775	-0.0201562
3.78	-0.0219245
3.785	-0.0237985
3.79	-0.0257741
3.795	-0.0278379
3.8	-0.0299707
3.805	-0.0321519
3.81	-0.0343625
3.815	-0.0365875
3.82	-0.0388151
3.825	-0.0410364
3.83	-0.0432444
3.835	-0.0454353
3.84	-0.0476096
3.845	-0.0497715
3.85	-0.0519273
3.855	-0.0540822
3.86	-0.0562361
3.865	-0.0583806
3.87	-0.0605014
3.875	-0.0625866
3.88	-0.0646363
3.885	-0.0666635
3.89	-0.0686876
3.895	-0.0707241
3.9	-0.0727806
3.905	-0.0748601
3.91	-0.0769662
3.915	-0.0791033
3.92	-0.0812728
3.925	-0.0834676
3.93	-0.0856731
3.935	-0.0878721
3.94	-0.0900495
3.945	-0.0921952
3.95	-0.0943046
3.955	-0.0963785
3.96	-0.0984213
3.965	-0.100436
3.97	-0.102419
3.975	-0.104354
3.98	-0.106224
3.985	-0.108013
3.99	-0.109714
3.995	-0.111323
4	-0.112837
4.005	-0.114248
4.01	-0.115553
4.015	-0.116756
4.02	-0.117871
4.025	-0.118916
4.03	-0.119907
4.035	-0.120852
4.04	-0.121748
4.045	-0.122588
4.05	-0.123364
4.055	-0.124077
4.06	-0.124729
4.065	-0.125326
4.07	-0.125872
4.075	-0.126371
4.08	-0.126827
4.085	-0.127245
4.09	-0.12763
4.095	-0.127983
4.1	-0.128304
4.105	-0.128585
4.11	-0.128811
4.115	-0.128961
4.12	-0.129013
4.125	-0.128959
4.13	-0.128803
4.135	-0.128553
4.14	-0.128213
4.145	-0.127779
4.15	-0.127251
4.155	-0.12663
4.16	-0.125923
4.165	-0.125134
4.17	-0.124262
4.175	-0.123298
4.18	-0.122235
4.185	-0.121069
4.19	-0.119804
4.195	-0.118452
4.2	-0.117033
4.205	-0.115567
4.21	-0.114069
4.215	-0.11255
4.22	-0.111012
4.225	-0.109459
4.23	-0.107888
4.235	-0.1063
4.24	-0.104692
4.245	-0.10306
4.25	-0.101395
4.255	-0.0996875
4.26	-0.0979378
4.265	-0.0961545
4.27	-0.0943506
4.275	-0.0925342
4.28	-0.090701
4.285	-0.088836
4.29	-0.0869218
4.295	-0.0849464
4.3	-0.0829052
4.305	-0.080797
4.31	-0.0786202
4.315	-0.0763739
4.32	-0.0740628
4.325	-0.0716986
4.33	-0.0692977
4.335	-0.0668766
4.34	-0.0644505
4.345	-0.0620328
4.35	-0.0596311
4.355	-0.0572442
4.36	-0.0548655
4.365	-0.0524919
4.37	-0.050132
4.375	-0.0478051
4.38	-0.0455318
4.385	-0.0433264
4.39	-0.041195
4.395	-0.039139
4.4	-0.0371593
4.405	-0.0352564
4.41	-0.033428
4.415	-0.0316656
4.42	-0.0299531
4.425	-0.0282705
4.43	-0.0266023
4.435	-0.0249434
4.44	-0.0232995
4.445	-0.0216811
4.45	-0.0200968
4.455	-0.0185505
4.46	-0.0170416
4.465	-0.0155647
4.47	-0.0141111
4.475	-0.0126729
4.48	-0.0112493
4.485	-0.00984797
4.49	-0.00848087
4.495	-0.00715791
4.5	-0.00588683
4.505	-0.00467914
4.51	-0.00355478
4.515	-0.00253841
4.52	-0.00164876
4.525	-0.000890201
4.53	-0.000253672
4.535	0.000274733
4.54	0.000704965
4.545	0.00103975
4.55	0.00127642
4.555	0.00141023
4.56	0.00143671
4.565	0.00135366
4.57	0.00116294
4.575	0.00087116
4.58	0.000488287
4.585	2.52692e-05
4.59	-0.000506852
4.595	-0.00109555
4.6	-0.00172532
4.605	-0.00237943
4.61	-0.00304557
4.615	-0.00372218
4.62	-0.00442051
4.625	-0.00515969
4.63	-0.00595706
4.635	-0.00682005
4.64	-0.00774533
4.645	-0.00872519
4.65	-0.00975577
4.655	-0.0108402
4.66	-0.0119852
4.665	-0.0131961
4.67	-0.0144763
4.675	-0.0158306
4.68	-0.0172685
4.685	-0.0188024
4.69	-0.0204428
4.695	-0.0221949
4.7	-0.024058
4.705	-0.0260245
4.71	-0.0280778
4.715	-0.0301935
4.72	-0.0323466
4.725	-0.034522
4.73	-0.0367182
4.735	-0.0389402
4.74	-0.0411887
4.745	-0.0434564
4.75	-0.0457323
4.755	-0.0480077
4.76	-0.0502777
4.765	-0.0525378
4.77	-0.0547804
4.775	-0.0569938
4.78	-0.0591659
4.785	-0.0612885
4.79	-0.0633629
4.795	-0.0654012
4.8	-0.0674222
4.805	-0.0694449
4.81	-0.0714823
4.815	-0.0735401
4.82	-0.0756173
4.825	-0.077708
4.83	-0.0798045
4.835	-0.0819014
4.84	-0.083998
4.845	-0.0860952
4.85	-0.0881916
4.855	-0.0902813
4.86	-0.0923593
4.865	-0.0944268
4.87	-0.0964902
4.875	-0.0985529
4.88	-0.100606
4.885	-0.102629
4.89	-0.104594
4.895	-0.10648
4.9	-0.108277
4.905	-0.109981
4.91	-0.111592
4.915	-0.113111
4.92	-0.114538
4.925	-0.115879
4.93	-0.117137
4.935	-0.118317
4.94	-0.119425
4.945	-0.120462
4.95	-0.121428
4.955	-0.122319
4.96	-0.123125
4.965	-0.123842
4.97	-0.124472
4.975	-0.125032
4.98	-0.125542
4.985	-0.126017
4.99	-0.126463
4.995	-0.12688
5	-0.127266
5.005	-0.127619
5.01	-0.127938
5.015	-0.128218
5.02	-0.128448
5.025	-0.128611
5.03	-0.128691
5.035	-0.128684
5.04	-0.128593
5.045	-0.128429
5.05	-0.128198
5.055	-0.127898
5.06	-0.127523
5.065	-0.127065
5.07	-0.126517
5.075	-0.125868
5.08	-0.125112
5.085	-0.124247
5.09	-0.123274
5.095	-0.122195
5.1	-0.12101
5.105	-0.119727
5.11	-0.118363
5.115	-0.116941
5.12	-0.115481
5.125	-0.11399
5.13	-0.112464
5.135	-0.110896
5.14	-0.109283
5.145	-0.107629
5.15	-0.105941
5.155	-0.104227
5.16	-0.102489
5.165	-0.100731
5.17	-0.0989568
5.175	-0.0971737
5.18	-0.095389
5.185	-0.0936056
5.19	-0.0918178
5.195	-0.0900115
5.2	-0.0881684
5.205	-0.0862707
5.21	-0.0843064
5.215	-0.0822715
5.22	-0.0801708
5.225	-0.0780149
5.23	-0.0758149
5.235	-0.0735767
5.24	-0.071301
5.245	-0.0689886
5.25	-0.0666448
5.255	-0.0642791
5.26	-0.0618978
5.265	-0.0594997
5.27	-0.05708
5.275	-0.0546399
5.28	-0.0521935
5.285	-0.0497661
5.29	-0.0473848
5.295	-0.0450704
5.3	-0.0428337
5.305	-0.0406781
5.31	-0.0386016
5.315	-0.0365982
5.32	-0.0346595
5.325	-0.0327787
5.33	-0.0309524
5.335	-0.0291793
5.34	-0.0274558
5.345	-0.0257771
5.35	-0.0241409
5.355	-0.022551
5.36	-0.0210144
5.365	-0.0195338
5.37	-0.0181018
5.375	-0.0167015
5.38	-0.0153128
5.385	-0.013921
5.39	-0.0125237
5.395	-0.0111315
5.4	-0.00976162
5.405	-0.00842934
5.41	-0.00714526
5.415	-0.00591877
5.42	-0.004762
5.425	-0.00368814
5.43	-0.00270628
5.435	-0.00181912
5.44	-0.00102576
5.445	-0.000325045
5.45	0.00028372
5.455	0.00080015
5.46	0.00121939
5.465	0.00152874
5.47	0.00171044
5.475	0.00175138
5.48	0.00165234
5.485	0.00142863
5.49	0.00110192
5.495	0.000690442
5.5	0.000205499
5.505	-0.000345197
5.51	-0.000952555
5.515	-0.0016054
5.52	-0.00229468
5.525	-0.0030183
5.53	-0.00378157
5.535	-0.00459293
5.54	-0.00545817
5.545	-0.00637687
5.55	-0.00734226
5.555	-0.00834361
5.56	-0.00937043
5.565	-0.0104176
5.57	-0.0114894
5.575	-0.0126
5.58	-0.0137689
5.585	-0.0150151
5.59	-0.0163508
5.595	-0.0177814
5.6	-0.0193081
5.605	-0.0209323
5.61	-0.0226559
5.615	-0.0244775
5.62	-0.0263871
5.625	-0.0283669
5.63	-0.0303994
5.635	-0.0324771
5.64	-0.0346044
5.645	-0.0367898
5.65	-0.0390357
5.655	-0.041335
5.66	-0.0436732
5.665	-0.0460328
5.67	-0.048395
5.675	-0.050741
5.68	-0.0530556
5.685	-0.0553309
5.69	-0.0575658
5.695	-0.0597607
5.7	-0.0619157
5.705	-0.0640329
5.71	-0.0661216
5.715	-0.0681968
5.72	-0.0702724
5.725	-0.0723524
5.73	-0.07443
5.735	-0.0764925
5.74	-0.0785306
5.745	-0.0805441
5.75	-0.0825419
5.755	-0.0845376
5.76	-0.0865419
5.765	-0.0885594
5.77	-0.0905899
5.775	-0.0926321
5.78	-0.094685
5.785	-0.0967444
5.79	-0.0987994
5.795	-0.100832
5.8	-0.102824
5.805	-0.104755
5.81	-0.106612
5.815	-0.108389
5.82	-0.110086
5.825	-0.11171
5.83	-0.11327
5.835	-0.114766
5.84	-0.11619
5.845	-0.117528
5.85	-0.118774
5.855	-0.119925
5.86	-0.120983
5.865	-0.121947
5.87	-0.122811
5.875	-0.123571
5.88	-0.124236
5.885	-0.124823
5.89	-0.125352
5.895	-0.12584
5.9	-0.126296
5.905	-0.126719
5.91	-0.127104
5.915	-0.127443
5.92	-0.127732
5.925	-0.127968
5.93	-0.128149
5.935	-0.128276
5.94	-0.128346
5.945	-0.128359
5.95	-0.128314
5.955	-0.128214
5.96	-0.128064
5.965	-0.127865
5.97	-0.12761
5.975	-0.127283
5.98	-0.126862
5.985	-0.126332
5.99	-0.125684
5.995	-0.124922
6	-0.124055
6.005	-0.12309
6.01	-0.122027
6.015	-0.12087
6.02	-0.119628
6.025	-0.118314
6.03	-0.116939
6.035	-0.115507
6.04	-0.114013
6.045	-0.112451
6.05	-0.110821
6.055	-0.109126
6.06	-0.107377
6.065	-0.105588
6.07	-0.10378
6.075	-0.101969
6.08	-0.100164
6.085	-0.0983634
6.09	-0.0965635
6.095	-0.0947614
6.1	-0.0929547
6.105	-0.0911372
6.11	-0.0892963
6.115	-0.0874163
6.12	-0.0854851
6.125	-0.0835001
6.13	-0.08147
6.135	-0.079408
6.14	-0.0773236
6.145	-0.0752161
6.15	-0.0730766
6.155	-0.0708945
6.16	-0.0686632
6.165	-0.0663812
6.17	-0.0640504
6.175	-0.0616744
6.18	-0.0592596
6.185	-0.0568164
6.19	-0.05436
6.195	-0.0519092
6.2	-0.0494838
6.205	-0.0471035
6.21	-0.0447842
6.215	-0.0425338
6.22	-0.0403492
6.225	-0.0382193
6.23	-0.0361347
6.235	-0.0340967
6.24	-0.0321176
6.245	-0.0302123
6.25	-0.0283881
6.255	-0.0266435
6.26	-0.0249734
6.265	-0.0233752
6.27	-0.0218475
6.275	-0.0203842
6.28	-0.0189727
6.285	-0.0175955
6.29	-0.0162359
6.295	-0.0148823
6.3	-0.0135301
6.305	-0.0121841
6.31	-0.0108573
6.315	-0.00956688
6.32	-0.00832716
6.325	-0.00714438
6.33	-0.00601661
6.335	-0.00493861
6.34	-0.00390809
6.345	-0.00292922
6.35	-0.00201189
6.355	-0.00116751
6.36	-0.000405024
6.365	0.000268927
6.37	0.000845421
6.375	0.00130912
6.38	0.00164083
6.385	0.00182688
6.39	0.00186785
6.395	0.00177847
6.4	0.00157894
6.405	0.00128597
6.41	0.000909933
6.415	0.000456653
6.42	-7.13563e-05
6.425	-0.000675021
6.43	-0.0013566
6.435	-0.00211466
6.44	-0.00294112
6.445	-0.00382441
6.45	-0.00475542
6.455	-0.00572908
6.46	-0.00673984
6.465	-0.007777
6.47	-0.00882682
6.475	-0.00988061
6.48	-0.0109423
6.485	-0.0120293
6.49	-0.0131653
6.495	-0.0143712
6.5	-0.0156574
6.505	-0.0170245
6.51	-0.0184681
6.515	-0.0199843
6.52	-0.0215724
6.525	-0.0232329
6.53	-0.0249663
6.535	-0.0267728
6.54	-0.0286532
6.545	-0.0306089
6.55	-0.0326423
6.555	-0.0347552
6.56	-0.0369484
6.565	-0.0392179
6.57	-0.0415522
6.575	-0.0439297
6.58	-0.0463222
6.585	-0.0487029
6.59	-0.0510558
6.595	-0.053379
6.6	-0.0556794
6.605	-0.057962
6.61	-0.0602245
6.615	-0.062461
6.62	-0.064669
6.625	-0.0668515
6.63	-0.0690117
6.635	-0.0711468
6.64	-0.0732489
6.645	-0.0753107
6.65	-0.0773295
6.655	-0.079309
6.66	-0.0812583
6.665	-0.083193
6.67	-0.085132
6.675	-0.0870915
6.68	-0.0890773
6.685	-0.0910833
6.69	-0.093097
6.695	-0.0951063
6.7	-0.0971032
6.705	-0.0990818
6.71	-0.101035
6.715	-0.102953
6.72	-0.104826
6.725	-0.106645
6.73	-0.108412
6.735	-0.110132
6.74	-0.11181
6.745	-0.11344
6.75	-0.115007
6.755	-0.116488
6.76	-0.117869
6.765	-0.119141
6.77	-0.120304
6.775	-0.121358
6.78	-0.122308
6.785	-0.12316
6.79	-0.123923
6.795	-0.124605
6.8	-0.125217
6.805	-0.125767
6.81	-0.126263
6.815	-0.126709
6.82	-0.127101
6.825	-0.127428
6.83	-0.127682
6.835	-0.127864
6.84	-0.127986
6.845	-0.128064
6.85	-0.128108
6.855	-0.12812
6.86	-0.128095
6.865	-0.128032
6.87	-0.12793
6.875	-0.127785
6.88	-0.127591
6.885	-0.127329
6.89	-0.126982
6.895	-0.126534
6.9	-0.12598
6.905	-0.125322
6.91	-0.124569
6.915	-0.12373
6.92	-0.122812
6.925	-0.121814
6.93	-0.120733
6.935	-0.119564
6.94	-0.118306
6.945	-0.116957
6.95	-0.115519
6.955	-0.113996
6.96	-0.112388
6.965	-0.1107
6.97	-0.108941
6.975	-0.107131
6.98	-0.105295
6.985	-0.103456
6.99	-0.101623
6.995	-0.0997902
7	-0.0979481
7.005	-0.096091
7.01	-0.0942191
7.015	-0.0923335
7.02	-0.0904318
7.025	-0.0885104
7.03	-0.0865678
7.035	-0.0846068
7.04	-0.0826311
7.045	-0.0806438
7.05	-0.0786463
7.055	-0.0766363
7.06	-0.0746047
7.065	-0.0725357
7.07	-0.0704108
7.075	-0.0682182
7.08	-0.0659579
7.085	-0.0636406
7.09	-0.0612828
7.095	-0.0589003
7.1	-0.0565046
7.105	-0.0541032
7.11	-0.0517041
7.115	-0.0493189
7.12	-0.0469609
7.125	-0.0446384
7.13	-0.0423513
7.135	-0.0400946
7.14	-0.037868
7.145	-0.0356821
7.15	-0.0335558
7.155	-0.0315091
7.16	-0.0295571
7.165	-0.0277068
7.17	-0.0259576
7.175	-0.0243008
7.18	-0.0227226
7.185	-0.0212071
7.19	-0.0197423
7.195	-0.0183213
7.2	-0.0169405
7.205	-0.015595
7.21	-0.0142783
7.215	-0.0129871
7.22	-0.0117268
7.225	-0.0105095
7.23	-0.00934509
7.235	-0.00823196
7.24	-0.00715716
7.245	-0.00610581
7.25	-0.00507082
7.255	-0.0040562
7.26	-0.00307457
7.265	-0.00214303
7.27	-0.00127991
7.275	-0.000502049
7.28	0.0001772
7.285	0.000747934
7.29	0.00120256
7.295	0.00153568
7.3	0.00174563
7.305	0.00183581
7.31	0.00181399
7.315	0.00168985
7.32	0.00147152
7.325	0.00116169
7.33	0.000754958
7.335	0.000240037
7.34	-0.000391665
7.345	-0.00113643
7.35	-0.00197615
7.355	-0.00288649
7.36	-0.00384786
7.365	-0.00484945
7.37	-0.00588459
7.375	-0.00694525
7.38	-0.00802284
7.385	-0.00911374
7.39	-0.0102226
7.395	-0.0113602
7.4	-0.0125381
7.405	-0.0137665
7.41	-0.0150521
7.415	-0.0163969
7.42	-0.017796
7.425	-0.0192399
7.43	-0.0207211
7.435	-0.0222423
7.44	-0.0238173
7.445	-0.0254653
7.45	-0.0272014
7.455	-0.0290322
7.46	-0.0309566
7.465	-0.0329709
7.47	-0.0350715
7.475	-0.0372543
7.48	-0.0395095
7.485	-0.0418196
7.49	-0.0441612
7.495	-0.0465136
7.5	-0.048865
7.505	-0.0512147
7.51	-0.0535673
7.515	-0.0559262
7.52	-0.0582891
7.525	-0.0606475
7.53	-0.0629886
7.535	-0.0652976
7.54	-0.0675605
7.545	-0.0697683
7.55	-0.0719194
7.555	-0.0740178
7.56	-0.0760686
7.565	-0.0780755
7.57	-0.0800437
7.575	-0.0819849
7.58	-0.0839178
7.585	-0.0858601
7.59	-0.087818
7.595	-0.0897831
7.6	-0.0917398
7.605	-0.093676
7.61	-0.0955886
7.615	-0.0974805
7.62	-0.0993559
7.625	-0.101217
7.63	-0.103064
7.635	-0.104896
7.64	-0.106707
7.645	-0.108494
7.65	-0.110247
7.655	-0.111959
7.66	-0.113615
7.665	-0.115197
7.67	-0.116685
7.675	-0.118066
7.68	-0.119335
7.685	-0.120497
7.69	-0.121563
7.695	-0.122546
7.7	-0.123451
7.705	-0.124277
7.71	-0.125018
7.715	-0.125672
7.72	-0.126244
7.725	-0.126738
7.73	-0.127154
7.735	-0.127484
7.74	-0.127727
7.745	-0.127889
7.75	-0.127986
7.755	-0.128039
7.76	-0.128063
7.765	-0.128062
7.77	-0.128038
7.775	-0.127985
7.78	-0.127893
7.785	-0.127752
7.79	-0.127553
7.795	-0.127292
7.8	-0.126962
7.805	-0.126559
7.81	-0.126075
7.815	-0.125509
7.82	-0.124865
7.825	-0.124152
7.83	-0.123376
7.835	-0.122533
7.84	-0.121609
7.845	-0.120587
7.85	-0.119453
7.855	-0.118208
7.86	-0.116855
7.865	-0.115404
7.87	-0.113863
7.875	-0.112237
7.88	-0.110538
7.885	-0.10878
7.89	-0.106979
7.895	-0.105152
7.9	-0.103307
7.905	-0.101441
7.91	-0.0995491
7.915	-0.0976265
7.92	-0.095673
7.925	-0.0936939
7.93	-0.0916997
7.935	-0.0897043
7.94	-0.0877201
7.945	-0.0857517
7.95	-0.0837944
7.955	-0.081839
7.96	-0.0798795
7.965	-0.0779129
7.97	-0.0759326
7.975	-0.0739235
7.98	-0.071866
7.985	-0.0697472
7.99	-0.0675678
7.995	-0.0653404
8	-0.0630811
8.005	-0.0608022
8.01	-0.0585101
8.015	-0.0562061
8.02	-0.0538884
8.025	-0.051555
8.03	-0.0492065
8.035	-0.0468484
8.04	-0.0444899
8.045	-0.0421425
8.05	-0.0398185
8.055	-0.0375311
8.06	-0.0352962
8.065	-0.0331323
8.07	-0.0310577
8.075	-0.0290856
8.08	-0.0272188
8.085	-0.0254476
8.09	-0.0237536
8.095	-0.02212
8.1	-0.0205407
8.105	-0.0190206
8.11	-0.0175675
8.115	-0.0161838
8.12	-0.0148654
8.125	-0.0136066
8.13	-0.0124043
8.135	-0.0112566
8.14	-0.0101582
8.145	-0.00909869
8.15	-0.008066
8.155	-0.00704968
8.16	-0.00604321
8.165	-0.00504565
8.17	-0.00406422
8.175	-0.00311608
8.18	-0.00222513
8.185	-0.00141364
8.19	-0.000693668
8.195	-6.52414e-05
8.2	0.000477289
8.205	0.000936256
8.21	0.00130681
8.215	0.00158055
8.22	0.00175155
8.225	0.00181816
8.23	0.00177934
8.235	0.00163002
8.24	0.00136068
8.245	0.000961422
8.25	0.00042787
8.255	-0.000234515
8.26	-0.00100964
8.265	-0.00187441
8.27	-0.00280537
8.275	-0.00378488
8.28	-0.00480352
8.285	-0.00585907
8.29	-0.00695404
8.295	-0.00809262
8.3	-0.00927669
8.305	-0.0105028
8.31	-0.0117642
8.315	-0.0130564
8.32	-0.0143806
8.325	-0.015739
8.33	-0.0171274
8.335	-0.0185356
8.34	-0.0199569
8.345	-0.0213982
8.35	-0.0228802
8.355	-0.0244272
8.36	-0.0260578
8.365	-0.027781
8.37	-0.029598
8.375	-0.0315037
8.38	-0.0334895
8.385	-0.0355449
8.39	-0.0376615
8.395	-0.0398338
8.4	-0.0420572
8.405	-0.0443264
8.41	-0.0466347
8.415	-0.0489764
8.42	-0.0513484
8.425	-0.0537501
8.43	-0.0561785
8.435	-0.0586229
8.44	-0.0610623
8.445	-0.0634703
8.45	-0.0658238
8.455	-0.0681117
8.46	-0.0703367
8.465	-0.0725087
8.47	-0.0746366
8.475	-0.076725
8.48	-0.0787762
8.485	-0.0807946
8.49	-0.0827876
8.495	-0.0847615
8.5	-0.0867175
8.505	-0.0886512
8.51	-0.0905566
8.515	-0.0924293
8.52	-0.0942693
8.525	-0.0960816
8.53	-0.0978766
8.535	-0.099669
8.54	-0.101472
8.545	-0.103287
8.55	-0.105106
8.555	-0.106909
8.56	-0.108681
8.565	-0.110412
8.57	-0.112095
8.575	-0.113718
8.58	-0.115267
8.585	-0.116728
8.59	-0.118096
8.595	-0.119378
8.6	-0.12058
8.605	-0.121711
8.61	-0.122771
8.615	-0.12375
8.62	-0.124639
8.625	-0.125425
8.63	-0.126101
8.635	-0.12667
8.64	-0.127135
8.645	-0.127503
8.65	-0.127782
8.655	-0.127981
8.66	-0.128112
8.665	-0.128187
8.67	-0.128219
8.675	-0.128218
8.68	-0.128186
8.685	-0.12812
8.69	-0.128006
8.695	-0.127829
8.7	-0.127587
8.705	-0.127285
8.71	-0.126934
8.715	-0.126538
8.72	-0.126093
8.725	-0.125593
8.73	-0.125039
8.735	-0.124432
8.74	-0.123769
8.745	-0.123042
8.75	-0.122233
8.755	-0.121327
8.76	-0.120311
8.765	-0.119179
8.77	-0.117935
8.775	-0.116589
8.78	-0.115154
8.785	-0.113644
8.79	-0.112065
8.795	-0.11042
8.8	-0.10871
8.805	-0.106938
8.81	-0.10511
8.815	-0.103232
8.82	-0.101307
8.825	-0.0993336
8.83	-0.0973147
8.835	-0.0952595
8.84	-0.0931878
8.845	-0.0911235
8.85	-0.0890846
8.855	-0.0870758
8.86	-0.08509
8.865	-0.0831144
8.87	-0.081138
8.875	-0.0791539
8.88	-0.0771568
8.885	-0.0751403
8.89	-0.0730972
8.895	-0.0710235
8.9	-0.0689202
8.905	-0.0667918
8.91	-0.0646432
8.915	-0.0624786
8.92	-0.060301
8.925	-0.0581092
8.93	-0.0558941
8.935	-0.053641
8.94	-0.0513396
8.945	-0.048994
8.95	-0.0466228
8.955	-0.0442499
8.96	-0.041894
8.965	-0.0395681
8.97	-0.0372835
8.975	-0.0350532
8.98	-0.0328907
8.985	-0.030806
8.99	-0.0288025
8.995	-0.0268769
9	-0.0250218
9.005	-0.0232313
9.01	-0.0215061
9.015	-0.0198546
9.02	-0.0182892
9.025	-0.01682
9.03	-0.0154508
9.035	-0.0141773
9.04	-0.0129868
9.045	-0.0118607
9.05	-0.0107801
9.055	-0.00973223
9.06	-0.00871205
9.065	-0.00771819
9.07	-0.00674772
9.075	-0.00579658
9.08	-0.00486585
9.085	-0.00396684
9.09	-0.00311808
9.095	-0.00233528
9.1	-0.00162292
9.105	-0.000974524
9.11	-0.000380814
9.115	0.000161903
9.12	0.000648858
9.125	0.00106884
9.13	0.0014069
9.135	0.00164616
9.14	0.00177028
9.145	0.00176741
9.15	0.00163277
9.155	0.00136726
9.16	0.000973634
9.165	0.000455146
9.17	-0.000181602
9.175	-0.00092316
9.18	-0.00175052
9.185	-0.00264617
9.19	-0.00360186
9.195	-0.00462075
9.2	-0.00571195
9.205	-0.00688111
9.21	-0.00812375
9.215	-0.00942527
9.22	-0.0107669
9.225	-0.0121328
9.23	-0.0135136
9.235	-0.0149051
9.24	-0.0163054
9.245	-0.0177135
9.25	-0.0191325
9.255	-0.020571
9.26	-0.0220429
9.265	-0.0235632
9.27	-0.0251455
9.275	-0.0267998
9.28	-0.0285308
9.285	-0.030335
9.29	-0.0322005
9.295	-0.034114
9.3	-0.0360712
9.305	-0.0380806
9.31	-0.0401568
9.315	-0.0423088
9.32	-0.0445342
9.325	-0.0468246
9.33	-0.0491716
9.335	-0.0515687
9.34	-0.0540065
9.345	-0.0564692
9.35	-0.0589356
9.355	-0.0613835
9.36	-0.0637943
9.365	-0.0661569
9.37	-0.0684692
9.375	-0.0707374
9.38	-0.0729708
9.385	-0.0751758
9.39	-0.0773524
9.395	-0.0794941
9.4	-0.0815912
9.405	-0.083635
9.41	-0.0856223
9.415	-0.0875563
9.42	-0.0894434
9.425	-0.0912889
9.43	-0.0930958
9.435	-0.0948694
9.44	-0.0966223
9.445	-0.0983726
9.45	-0.100136
9.455	-0.101915
9.46	-0.103698
9.465	-0.105467
9.47	-0.107206
9.475	-0.108904
9.48	-0.110559
9.485	-0.112166
9.49	-0.113725
9.495	-0.115231
9.5	-0.116682
9.505	-0.118075
9.51	-0.119407
9.515	-0.120673
9.52	-0.121867
9.525	-0.122983
9.53	-0.124007
9.535	-0.124923
9.54	-0.125715
9.545	-0.126383
9.55	-0.126935
9.555	-0.127389
9.56	-0.127759
9.565	-0.128053
9.57	-0.128274
9.575	-0.128424
9.58	-0.128509
9.585	-0.128534
9.59	-0.128504
9.595	-0.128416
9.6	-0.128265
9.605	-0.128044
9.61	-0.127755
9.615	-0.127411
9.62	-0.127026
9.625	-0.126611
9.63	-0.126173
9.635	-0.125707
9.64	-0.125208
9.645	-0.124663
9.65	-0.124061
9.655	-0.12339
9.66	-0.122641
9.665	-0.121809
9.67	-0.120885
9.675	-0.119862
9.68	-0.118737
9.685	-0.117519
9.69	-0.116222
9.695	-0.114859
9.7	-0.11343
9.705	-0.111927
9.71	-0.110337
9.715	-0.108656
9.72	-0.106886
9.725	-0.105034
9.73	-0.103111
9.735	-0.101125
9.74	-0.099087
9.745	-0.0970108
9.75	-0.0949139
9.755	-0.0928142
9.76	-0.0907263
9.765	-0.0886579
9.77	-0.0866079
9.775	-0.0845675
9.78	-0.0825246
9.785	-0.0804696
9.79	-0.0784008
9.795	-0.0763243
9.8	-0.07425
9.805	-0.0721847
9.81	-0.0701282
9.815	-0.0680736
9.82	-0.0660133
9.825	-0.0639427
9.83	-0.0618598
9.835	-0.0597593
9.84	-0.0576288
9.845	-0.0554524
9.85	-0.0532207
9.855	-0.0509381
9.86	-0.0486217
9.865	-0.0462934
9.87	-0.043972
9.875	-0.041671
9.88	-0.0393989
9.885	-0.0371605
9.89	-0.0349571
9.895	-0.0327892
9.9	-0.0306605
9.905	-0.0285806
9.91	-0.0265617
9.915	-0.0246132
9.92	-0.0227408
9.925	-0.020951
9.93	-0.0192563
9.935	-0.0176719
9.94	-0.0162066
9.945	-0.0148555
9.95	-0.0136005
9.955	-0.0124182
9.96	-0.0112891
9.965	-0.0102022
9.97	-0.00915608
9.975	-0.00815458
9.98	-0.00720117
9.985	-0.00629584
9.99	-0.00543656
9.995	-0.00462254
